0.293583
0.189495
0.146101
0.148451
0.131614
0.107494
0.0856412
0.0750193
0.073782
0.0687415
0.0609861
0.0537749
0.0464037
0.0426205
0.0429602
0.0419885
0.0399995
0.0391489
0.0385563
0.0370274
0.0347707
0.0319946
0.0295471
0.0278745
0.0263289
0.0243613
0.0240832
0.0236372
0.0228884
0.0227947
0.0224585
0.0219396
0.0220678
0.0230255
0.0237131
0.0241182
0.0242426
0.0241012
0.0237197
0.0231318
0.0223768
0.0214963
0.0208005
0.0208534
0.0206921
0.0203145
0.0197255
0.0189364
0.0179646
0.0168322
0.0165623
0.0166589
0.016735
0.0167866
0.0168111
0.0168074
0.0175017
0.0183517
0.019062
0.0196296
0.020055
0.0203418
0.0204957
0.0205244
0.0204367
0.020242
0.0199501
0.0195706
0.0191124
0.0185839
0.0179928
0.0175092
0.0171098
0.0166554
0.0161495
0.0155948
0.015259
0.0155002
0.0156658
0.0157502
0.0157489
0.0156582
0.0154755
0.0151992
0.0148292
0.0143661
0.0138119
0.0131699
0.0124442
0.0116402
0.010764
0.00982307
0.00890802
0.00838142
0.00785318
0.00760481
0.00733013
0.00703116
0.00671011
0.00636947
0.00601195
0.00564047
0.0052581
0.00486799
0.00452912
0.0044553
0.00445063
0.00444688
0.00444276
0.00443706
0.0044286
0.00441628
0.0043991
0.00437613
0.00434651
0.0043095
0.00426445
0.00421081
0.00414814
0.00407612
0.00399452
0.00390321
0.00380219
0.00373598
0.00368543
0.00362688
0.00356034
0.00348592
0.0034038
0.0033142
0.00321744
0.00311387
0.00300389
0.00288796
0.00276655
0.00264019
0.00250939
0.00237473
0.00223678
0.00209613
0.00195334
0.00187759
0.00186059
0.00184432
0.0018288
0.00181406
0.0018001
0.00178985
0.00178158
0.00177412
0.00176741
0.00176141
0.00175609
0.00175138
0.00174724
0.00174363
0.00174048
0.00173774
0.00173537
0.0017333
0.00173149
0.00172988
0.00172842
0.00172706
0.00172576
0.00172446
0.00172312
0.00172169
0.00172014
0.00171842
0.0017165
0.00171433
0.0017119
0.00170915
0.00170608
0.00170264
0.00169881
0.00169457
0.0016899
0.00168478
0.00167919
0.00167311
0.00166654
0.00165946
0.00165185
0.00164371
0.00163503
0.0016258
0.00161602
0.00160568
0.00159477
0.0015833
0.00157127
0.00155866
0.00154548
0.00153173
0.00151741
0.00150252
0.00148707
0.00147104
0.00145446
0.00143731
0.00141961
0.001402
0.00138639
0.00137026
0.00135361
0.00133645
0.00131877
0.00130057
0.00128187
0.00126266
0.00124294
0.00122273
0.00120202
0.00118082
0.00115913
0.00113696
0.00111432
0.0010912
0.00106822
0.00104957
0.00103052
0.00101106
0.000991192
0.000970928
0.000950269
0.00092922
0.000907784
0.000885968
0.000863776
0.000841215
0.00081829
0.000795008
0.000771377
0.000747403
0.000723095
0.000698461
0.00067351
0.000648252
0.000622696
0.000596853
0.000570734
0.000544351
0.000517715
0.00049084
0.000463739
0.000436427
0.000408917
0.000381225
0.000353367
0.000325358
0.000297215
0.000268957
0.000240599
0.000212162
0.000186605
0.000191479
0.000196676
0.000201641
0.000206386
0.000210918
0.000217866
0.000226667
0.000235216
0.000243518
0.000251581
0.000259411
0.000267014
0.000274399
0.000281571
0.000288539
0.000295308
0.000310139
0.000328976
0.000347521
0.000365764
0.000383697
0.000401313
0.000418603
0.000435561
0.000452177
0.000468445
0.000484358
0.000503048
0.000522222
0.000540994
0.000559352
0.000577287
0.000594789
0.000611849
0.000628458
0.000644606
0.000660284
0.000675485
0.000690198
0.000704418
0.000718134
0.000731341
0.000744029
0.000756193
0.000767825
0.000778918
0.000789467
0.000799465
0.000808907
0.000817787
0.000826102
0.000833845
0.000841013
0.000847603
0.00085361
0.000859033
0.000863869
0.000868116
0.000911759
0.000956639
0.00100075
0.00104405
0.00108649
0.00112801
0.00116859
0.00120817
0.00124672
0.00128421
0.00132059
0.00135584
0.00138993
0.00142283
0.00145452
0.00148498
0.0015142
0.00154216
0.00156884
0.00159424
0.00161836
0.00164119
0.00166273
0.00168298
0.00170195
0.00171964
0.00173606
0.00175123
0.00176516
0.00177787
0.00178936
0.00179967
0.0018088
0.00181679
0.00182366
0.00182942
0.00183411
0.00183775
0.00184036
0.00184198
0.00184263
0.00184234
0.00184113
0.00183903
0.00183607
0.00183228
0.00182768
0.0018223
0.00181617
0.0018093
0.00180172
0.00179347
0.00178455
0.00177499
0.00176481
0.00175404
0.00174268
0.00173076
0.0017183
0.00170531
0.00169181
0.00167781
0.00166332
0.00164836
0.00163352
0.0016202
0.00160637
0.00159205
0.00157725
0.00156198
0.00154626
0.00153011
0.00151354
0.00149656
0.00147918
0.00146141
0.00144327
0.00142477
0.00140592
0.00138672
0.00136719
0.00134735
0.00132719
0.00130673
0.00128598
0.00126496
0.00124366
0.0012221
0.00120029
0.00117825
0.00115597
0.00113347
0.00111077
0.00108787
0.00106479
0.00104152
0.0010181
0.000994523
0.000970805
0.000946959
0.000922996
0.000898929
0.000874769
0.000850529
0.000826222
0.00080186
0.000777456
0.000753023
0.000728573
0.000704119
0.000679674
0.000655251
0.000630863
0.000607497
0.000585152
0.000562851
0.000540606
0.000518427
0.000512384
0.000508698
0.000504909
0.000501021
0.000497035
0.000492954
0.00048878
0.000484515
0.000480161
0.00047572
0.000471195
0.000466588
0.000461899
0.000457133
0.00045229
0.000447372
0.000444253
0.000443847
0.000443297
0.000442606
0.000441775
0.000440806
0.000439702
0.000438465
0.000437096
0.000435598
0.000433974
0.000432224
0.000430352
0.000428359
0.000426249
0.000424021
0.00042168
0.000419227
0.000416665
0.000413995
0.00041122
0.000408341
0.000405362
0.000402283
0.000399109
0.00039584
0.000392478
0.000389027
0.000385487
0.000381862
0.000378153
0.000374363
0.000370494
0.000366547
0.000362525
0.000358554
0.000354858
0.000351088
0.000347246
0.000343333
0.000339353
0.000335307
0.000331196
0.000327024
0.000322792
0.000318501
0.000314155
0.000309754
0.000305301
0.000300798
0.000296246
0.000291647
0.000287004
0.000282319
0.000277592
0.000272825
0.000268022
0.000263183
0.00025831
0.000253405
0.00024847
0.000243506
0.000238515
0.000233536
0.000229343
0.000225119
0.000220866
0.000216584
0.000212277
0.000207944
0.000203588
0.000199211
0.000194813
0.000190397
0.000185964
0.000181515
0.000177052
0.000172576
0.000168089
0.000163593
0.000159088
0.000154577
0.00015006
0.00014554
0.000141018
0.000136494
0.000131972
0.000127451
0.000122934
0.000118423
0.000113918
0.00010942
0.000104933
0.000100456
9.59917e-05
9.15411e-05
8.71058e-05
8.26871e-05
7.82865e-05
7.39055e-05
6.95454e-05
6.52077e-05
6.08938e-05
5.66051e-05
5.2343e-05
4.81089e-05
4.39043e-05
3.97304e-05
3.55888e-05
3.14807e-05
2.74076e-05
2.33707e-05
1.93715e-05
1.84318e-05
1.84458e-05
1.98089e-05
2.15474e-05
2.32489e-05
2.49132e-05
2.65401e-05
2.81292e-05
2.96806e-05
3.11938e-05
3.26689e-05
3.41055e-05
3.55036e-05
3.68631e-05
3.87049e-05
4.12658e-05
4.37746e-05
4.62304e-05
4.86328e-05
5.09811e-05
5.32748e-05
5.55132e-05
5.76957e-05
5.9822e-05
6.18915e-05
6.42021e-05
6.66526e-05
6.9039e-05
7.13609e-05
7.36176e-05
7.58087e-05
7.79337e-05
7.99922e-05
8.19837e-05
8.39078e-05
8.57642e-05
8.75527e-05
8.92729e-05
9.09245e-05
9.25075e-05
9.40215e-05
9.54665e-05
9.68423e-05
9.81489e-05
9.93863e-05
0.000100554
0.00010369
0.000107674
0.000111573
0.000115386
0.000119112
0.000122752
0.000126305
0.00012977
0.000133149
0.00013644
0.000141667
0.000147931
0.000154061
0.000160057
0.000165917
0.000171642
0.00017723
0.000182681
0.000187993
0.000193166
0.000198199
0.000203092
0.000207845
0.000212456
0.000216925
0.000221252
0.000225437
0.000229479
0.000233379
0.000237135
0.000240748
0.000244219
0.000247546
0.00025073
0.000253771
0.00025667
0.000259426
0.00026204
0.000264512
0.000266842
0.000269032
0.000271081
0.00027299
0.00027476
0.000276391
0.000277884
0.00027924
0.00028046
0.000281545
0.000282495
0.000283311
0.000283995
0.000284548
0.00028497
0.000285264
0.000285429
0.000285469
0.000285383
0.000285173
0.000284841
0.000284388
0.000283816
0.000283126
0.000282319
0.000281399
0.000280365
0.00027922
0.000277966
0.000276604
0.000275136
0.000273564
0.000271891
0.000270117
0.000268245
0.000266276
0.000264214
0.000262059
0.000259814
0.000257481
0.000255061
0.000252558
0.000249973
0.000247309
0.000245262
0.000243345
0.000241342
0.000239256
0.000237089
0.000234842
0.000232518
0.000230119
0.000227648
0.000225106
0.000222495
0.000219819
0.000217078
0.000214275
0.000211413
0.000208493
0.000205518
0.000202489
0.00019941
0.000196281
0.000193106
0.000189886
0.000186624
0.000183321
0.00017998
0.000176603
0.000173191
0.000169748
0.000166274
0.000162772
0.000159245
0.000155693
0.000152119
0.000148525
0.000144913
0.000141285
0.000137642
0.000133987
0.000130321
0.000126646
0.000122964
0.000119277
0.00011582
0.000112402
0.00010898
0.000105556
0.000102133
9.87102e-05
9.52906e-05
9.4609e-05
9.42159e-05
9.37928e-05
9.33402e-05
9.28589e-05
9.23493e-05
9.18122e-05
9.12482e-05
9.06578e-05
9.00417e-05
8.94006e-05
8.8735e-05
8.80456e-05
8.7333e-05
8.65978e-05
8.58406e-05
8.50621e-05
8.42628e-05
8.34434e-05
8.26044e-05
8.23042e-05
8.22473e-05
8.21623e-05
8.20496e-05
8.19096e-05
8.17426e-05
8.15492e-05
8.13297e-05
8.10845e-05
8.08141e-05
8.05188e-05
8.01992e-05
7.98555e-05
7.94884e-05
7.90981e-05
7.86852e-05
7.82501e-05
7.77932e-05
7.7315e-05
7.68159e-05
7.62965e-05
7.5757e-05
7.51981e-05
7.46201e-05
7.40235e-05
7.34088e-05
7.27765e-05
7.21269e-05
7.14606e-05
7.0778e-05
7.00796e-05
6.93658e-05
6.86371e-05
6.7894e-05
6.7137e-05
6.63664e-05
6.56603e-05
6.49537e-05
6.42336e-05
6.35005e-05
6.27549e-05
6.19971e-05
6.12276e-05
6.04469e-05
5.96554e-05
5.88535e-05
5.80417e-05
5.72204e-05
5.639e-05
5.5551e-05
5.47037e-05
5.38487e-05
5.29864e-05
5.2117e-05
5.12412e-05
5.03593e-05
4.94717e-05
4.85789e-05
4.76812e-05
4.6779e-05
4.58728e-05
4.4963e-05
4.40499e-05
4.3134e-05
4.2239e-05
4.14635e-05
4.06841e-05
3.99011e-05
3.91149e-05
3.83258e-05
3.75342e-05
3.67404e-05
3.59448e-05
3.51476e-05
3.43493e-05
3.35502e-05
3.27505e-05
3.19506e-05
3.11509e-05
3.03516e-05
2.9553e-05
2.87555e-05
2.79594e-05
2.71649e-05
2.63724e-05
2.55822e-05
2.47945e-05
2.40096e-05
2.32279e-05
2.24496e-05
2.16749e-05
2.09042e-05
2.01377e-05
1.93756e-05
1.86183e-05
1.78659e-05
1.71188e-05
1.63771e-05
1.56412e-05
1.49112e-05
1.41873e-05
1.34699e-05
1.2759e-05
1.2055e-05
1.1358e-05
1.06683e-05
9.98598e-06
9.31132e-06
8.64449e-06
7.98566e-06
7.33503e-06
6.69276e-06
6.05903e-06
5.434e-06
4.81783e-06
4.21067e-06
3.61267e-06
3.02398e-06
2.83302e-06
2.79792e-06
2.76208e-06
2.72552e-06
2.68827e-06
2.65034e-06
2.61176e-06
2.70912e-06
2.92264e-06
3.12972e-06
3.48905e-06
3.86037e-06
4.22235e-06
4.57494e-06
4.91809e-06
5.25179e-06
5.57599e-06
5.89068e-06
6.19584e-06
6.49144e-06
6.77748e-06
7.05394e-06
7.32084e-06
7.57815e-06
7.88725e-06
8.19454e-06
8.491e-06
8.77663e-06
9.05142e-06
9.4905e-06
1.03029e-05
1.11012e-05
1.18852e-05
1.26548e-05
1.34098e-05
1.41501e-05
1.48756e-05
1.5586e-05
1.62814e-05
1.69615e-05
1.76263e-05
1.82757e-05
1.89096e-05
1.95279e-05
2.01305e-05
2.07173e-05
2.12884e-05
2.18435e-05
2.27484e-05
2.37454e-05
2.47212e-05
2.56757e-05
2.66088e-05
2.75202e-05
2.84099e-05
2.92776e-05
3.01233e-05
3.09469e-05
3.17482e-05
3.25271e-05
3.32836e-05
3.40175e-05
3.47289e-05
3.54177e-05
3.60838e-05
3.67271e-05
3.73478e-05
3.79458e-05
3.8521e-05
3.90735e-05
3.96033e-05
4.01105e-05
4.0595e-05
4.1057e-05
4.14965e-05
4.19135e-05
4.23081e-05
4.26804e-05
4.30306e-05
4.33587e-05
4.36648e-05
4.39491e-05
4.42116e-05
4.44526e-05
4.46721e-05
4.48703e-05
4.50474e-05
4.52035e-05
4.53389e-05
4.54536e-05
4.5548e-05
4.56221e-05
4.56762e-05
4.57105e-05
4.57252e-05
4.57205e-05
4.56967e-05
4.5654e-05
4.55926e-05
4.55128e-05
4.54148e-05
4.52989e-05
4.51653e-05
4.50143e-05
4.48462e-05
4.46613e-05
4.44597e-05
4.42419e-05
4.40081e-05
4.37585e-05
4.34935e-05
4.32134e-05
4.29185e-05
4.2609e-05
4.22853e-05
4.19477e-05
4.15965e-05
4.12321e-05
4.08546e-05
4.04645e-05
4.00621e-05
3.96476e-05
3.92215e-05
3.89279e-05
3.86354e-05
3.83303e-05
3.80128e-05
3.76833e-05
3.73421e-05
3.69894e-05
3.66256e-05
3.62509e-05
3.58656e-05
3.54701e-05
3.50646e-05
3.46495e-05
3.42249e-05
3.37914e-05
3.3349e-05
3.28982e-05
3.24393e-05
3.19725e-05
3.14982e-05
3.10166e-05
3.0528e-05
3.00328e-05
2.95313e-05
2.90238e-05
2.85104e-05
2.79917e-05
2.74678e-05
2.6939e-05
2.64056e-05
2.5868e-05
2.53264e-05
2.47811e-05
2.42325e-05
2.36806e-05
2.3126e-05
2.25688e-05
2.20092e-05
2.14477e-05
2.08845e-05
2.03198e-05
1.97935e-05
1.92704e-05
1.8746e-05
1.82207e-05
1.76946e-05
1.74369e-05
1.73934e-05
1.73448e-05
1.7291e-05
1.72323e-05
1.71686e-05
1.71001e-05
1.70268e-05
1.69488e-05
1.68662e-05
1.67791e-05
1.66876e-05
1.65918e-05
1.64917e-05
1.63875e-05
1.62792e-05
1.6167e-05
1.60509e-05
1.5931e-05
1.58799e-05
1.5884e-05
1.58835e-05
1.58782e-05
1.58684e-05
1.5854e-05
1.58351e-05
1.58118e-05
1.5784e-05
1.5752e-05
1.57156e-05
1.56751e-05
1.56304e-05
1.55816e-05
1.55288e-05
1.54721e-05
1.54114e-05
1.53469e-05
1.52787e-05
1.52068e-05
1.51312e-05
1.50521e-05
1.49695e-05
1.48835e-05
1.47942e-05
1.47015e-05
1.46057e-05
1.45068e-05
1.44048e-05
1.42999e-05
1.4192e-05
1.40814e-05
1.39679e-05
1.38518e-05
1.37331e-05
1.36119e-05
1.34883e-05
1.33622e-05
1.32339e-05
1.31034e-05
1.29707e-05
1.2836e-05
1.26993e-05
1.25606e-05
1.24202e-05
1.22779e-05
1.21353e-05
1.20034e-05
1.18698e-05
1.17345e-05
1.15976e-05
1.14591e-05
1.13192e-05
1.11778e-05
1.10351e-05
1.08911e-05
1.0746e-05
1.05997e-05
1.04524e-05
1.03041e-05
1.0155e-05
1.00049e-05
9.85413e-06
9.70264e-06
9.55051e-06
9.39783e-06
9.24465e-06
9.09104e-06
8.93707e-06
8.7828e-06
8.6283e-06
8.47363e-06
8.31885e-06
8.16403e-06
8.00924e-06
7.85452e-06
7.69994e-06
7.54557e-06
7.39758e-06
7.26376e-06
7.1299e-06
6.99605e-06
6.86227e-06
6.72861e-06
6.59512e-06
6.46186e-06
6.32886e-06
6.19619e-06
6.06389e-06
5.93202e-06
5.8006e-06
5.66971e-06
5.53937e-06
5.40964e-06
5.28055e-06
5.15216e-06
5.02451e-06
4.89764e-06
4.77158e-06
4.64639e-06
4.52209e-06
4.39874e-06
4.27636e-06
4.15499e-06
4.03467e-06
3.91544e-06
3.79733e-06
3.68037e-06
3.56459e-06
3.45004e-06
3.33673e-06
3.2247e-06
3.11398e-06
3.00459e-06
2.89657e-06
2.78994e-06
2.68473e-06
2.58095e-06
2.47864e-06
2.37781e-06
2.2785e-06
2.18071e-06
2.08448e-06
1.98981e-06
1.89674e-06
1.80527e-06
1.71542e-06
1.6272e-06
1.54065e-06
1.45575e-06
1.37254e-06
1.29102e-06
1.2112e-06
1.1331e-06
1.05672e-06
9.82075e-07
9.09168e-07
8.38009e-07
7.68603e-07
7.00957e-07
6.35074e-07
6.33912e-07
6.4846e-07
6.76807e-07
7.36968e-07
7.96459e-07
8.55261e-07
9.90582e-07
1.12668e-06
1.2607e-06
1.39261e-06
1.52236e-06
1.64993e-06
1.77529e-06
1.89841e-06
2.01926e-06
2.13782e-06
2.25406e-06
2.36795e-06
2.47949e-06
2.58864e-06
2.69538e-06
2.7997e-06
2.9238e-06
3.09804e-06
3.26927e-06
3.43743e-06
3.60251e-06
3.76445e-06
3.92321e-06
4.07878e-06
4.2311e-06
4.38016e-06
4.52593e-06
4.66837e-06
4.80747e-06
4.94319e-06
5.07553e-06
5.20445e-06
5.32994e-06
5.45199e-06
5.57058e-06
5.6857e-06
5.79733e-06
5.90548e-06
6.01012e-06
6.11125e-06
6.20888e-06
6.30299e-06
6.39358e-06
6.48067e-06
6.56424e-06
6.6443e-06
6.72086e-06
6.79392e-06
6.86349e-06
6.92958e-06
6.99221e-06
7.05137e-06
7.1071e-06
7.15939e-06
7.20828e-06
7.25377e-06
7.29588e-06
7.33464e-06
7.37007e-06
7.40219e-06
7.43102e-06
7.45659e-06
7.47893e-06
7.49805e-06
7.514e-06
7.5268e-06
7.53648e-06
7.54308e-06
7.54661e-06
7.54713e-06
7.54466e-06
7.53924e-06
7.53091e-06
7.5197e-06
7.50564e-06
7.48879e-06
7.46918e-06
7.44685e-06
7.42183e-06
7.39418e-06
7.36394e-06
7.33114e-06
7.29584e-06
7.25807e-06
7.21788e-06
7.17532e-06
7.13043e-06
7.08326e-06
7.03386e-06
6.98227e-06
6.92854e-06
6.87272e-06
6.81486e-06
6.755e-06
6.69321e-06
6.63621e-06
6.59584e-06
6.55342e-06
6.50899e-06
6.46259e-06
6.41426e-06
6.36404e-06
6.31198e-06
6.25813e-06
6.20252e-06
6.1452e-06
6.08622e-06
6.02562e-06
5.96344e-06
5.89974e-06
5.83455e-06
5.76792e-06
5.6999e-06
5.63054e-06
5.55987e-06
5.48794e-06
5.41481e-06
5.34051e-06
5.26509e-06
5.1886e-06
5.11108e-06
5.03258e-06
4.95315e-06
4.87282e-06
4.79165e-06
4.70967e-06
4.62694e-06
4.5435e-06
4.45939e-06
4.37466e-06
4.28935e-06
4.2035e-06
4.11716e-06
4.03037e-06
3.94318e-06
3.85562e-06
3.76774e-06
3.67958e-06
3.59748e-06
3.59323e-06
3.58813e-06
3.58218e-06
3.57539e-06
3.56777e-06
3.55933e-06
3.55008e-06
3.54005e-06
3.52922e-06
3.51763e-06
3.50528e-06
3.49218e-06
3.47835e-06
3.46379e-06
3.45941e-06
3.46431e-06
3.46843e-06
3.47178e-06
3.47436e-06
3.47618e-06
3.47724e-06
3.47755e-06
3.47711e-06
3.47594e-06
3.47403e-06
3.4714e-06
3.46804e-06
3.46398e-06
3.45921e-06
3.45375e-06
3.4476e-06
3.44076e-06
3.43326e-06
3.42509e-06
3.41627e-06
3.40681e-06
3.3967e-06
3.38598e-06
3.37463e-06
3.36268e-06
3.35013e-06
3.337e-06
3.32328e-06
3.309e-06
3.29417e-06
3.27879e-06
3.26287e-06
3.24643e-06
3.22948e-06
3.21202e-06
3.19408e-06
3.17566e-06
3.15676e-06
3.13741e-06
3.11762e-06
3.09739e-06
3.07674e-06
3.05568e-06
3.03422e-06
3.01238e-06
2.99016e-06
2.96758e-06
2.94464e-06
2.92137e-06
2.89777e-06
2.87385e-06
2.84963e-06
2.82512e-06
2.80033e-06
2.77527e-06
2.74995e-06
2.72439e-06
2.6986e-06
2.67259e-06
2.64637e-06
2.61995e-06
2.59335e-06
2.56658e-06
2.53964e-06
2.51255e-06
2.48532e-06
2.45797e-06
2.4305e-06
2.40292e-06
2.37525e-06
2.3475e-06
2.31973e-06
2.29345e-06
2.26708e-06
2.24063e-06
2.2141e-06
2.18752e-06
2.16088e-06
2.1342e-06
2.1075e-06
2.08077e-06
2.05403e-06
2.0273e-06
2.00057e-06
1.97386e-06
1.94718e-06
1.92054e-06
1.89395e-06
1.86741e-06
1.84094e-06
1.81454e-06
1.78823e-06
1.762e-06
1.73588e-06
1.70987e-06
1.68397e-06
1.65819e-06
1.63255e-06
1.60705e-06
1.5817e-06
1.55651e-06
1.53147e-06
1.50661e-06
1.48192e-06
1.45742e-06
1.43311e-06
1.40899e-06
1.38508e-06
1.36138e-06
1.33789e-06
1.31463e-06
1.29159e-06
1.26879e-06
1.24622e-06
1.2239e-06
1.20183e-06
1.18001e-06
1.15896e-06
1.13899e-06
1.11923e-06
1.09967e-06
1.08032e-06
1.06118e-06
1.04226e-06
1.02357e-06
1.0051e-06
9.86869e-07
9.68868e-07
9.51106e-07
9.33585e-07
9.16309e-07
8.99281e-07
8.82504e-07
8.65981e-07
8.49715e-07
8.33707e-07
8.17961e-07
8.02479e-07
7.87263e-07
7.72315e-07
7.57636e-07
7.43229e-07
7.29095e-07
7.15236e-07
7.01653e-07
6.88347e-07
6.75319e-07
6.6257e-07
6.50102e-07
6.37913e-07
6.26007e-07
6.14381e-07
6.03038e-07
5.91976e-07
5.81197e-07
5.707e-07
5.60485e-07
5.50551e-07
5.40898e-07
5.31527e-07
5.22435e-07
5.13622e-07
5.05088e-07
4.96831e-07
4.8885e-07
4.8316e-07
4.77812e-07
4.93575e-07
5.22166e-07
5.50332e-07
5.78066e-07
6.05359e-07
6.32204e-07
6.58594e-07
6.84522e-07
7.09982e-07
7.34967e-07
7.59472e-07
7.83491e-07
8.07019e-07
8.30051e-07
8.52581e-07
8.74605e-07
8.9612e-07
9.17121e-07
9.37604e-07
9.57566e-07
9.77004e-07
9.95916e-07
1.0143e-06
1.03215e-06
1.04946e-06
1.06624e-06
1.08249e-06
1.09819e-06
1.11336e-06
1.12799e-06
1.14207e-06
1.15562e-06
1.16862e-06
1.18108e-06
1.193e-06
1.20439e-06
1.21523e-06
1.22554e-06
1.23531e-06
1.24455e-06
1.25325e-06
1.26142e-06
1.26907e-06
1.27619e-06
1.28279e-06
1.28886e-06
1.29442e-06
1.29947e-06
1.304e-06
1.30803e-06
1.31155e-06
1.31458e-06
1.31711e-06
1.31915e-06
1.32071e-06
1.32178e-06
1.32238e-06
1.3225e-06
1.32216e-06
1.32136e-06
1.32011e-06
1.3184e-06
1.31625e-06
1.31366e-06
1.31064e-06
1.30719e-06
1.30332e-06
1.29904e-06
1.29435e-06
1.28926e-06
1.28378e-06
1.2779e-06
1.27165e-06
1.26503e-06
1.25803e-06
1.25068e-06
1.24297e-06
1.23492e-06
1.22665e-06
1.22196e-06
1.21692e-06
1.21153e-06
1.2058e-06
1.19973e-06
1.19333e-06
1.18661e-06
1.17957e-06
1.17222e-06
1.16457e-06
1.15662e-06
1.14838e-06
1.13986e-06
1.13106e-06
1.12199e-06
1.11265e-06
1.10306e-06
1.09322e-06
1.08313e-06
1.07281e-06
1.06226e-06
1.05149e-06
1.0405e-06
1.0293e-06
1.01791e-06
1.00631e-06
9.94536e-07
9.82578e-07
9.70446e-07
9.58149e-07
9.45693e-07
9.33085e-07
9.20332e-07
9.07441e-07
8.94419e-07
8.81272e-07
8.68009e-07
8.56061e-07
8.55936e-07
8.57116e-07
8.59524e-07
8.61817e-07
8.63992e-07
8.66051e-07
8.67992e-07
8.69814e-07
8.71518e-07
8.73103e-07
8.74569e-07
8.75915e-07
8.77141e-07
8.78248e-07
8.79234e-07
8.801e-07
8.80847e-07
8.81474e-07
8.81981e-07
8.82369e-07
8.82637e-07
8.82787e-07
8.82818e-07
8.82731e-07
8.82526e-07
8.82205e-07
8.81767e-07
8.81213e-07
8.80544e-07
8.7976e-07
8.78863e-07
8.77853e-07
8.7673e-07
8.75497e-07
8.74153e-07
8.727e-07
8.71139e-07
8.6947e-07
8.67696e-07
8.65816e-07
8.63833e-07
8.61747e-07
8.5956e-07
8.57272e-07
8.54886e-07
8.52402e-07
8.49823e-07
8.47148e-07
8.4438e-07
8.41521e-07
8.38571e-07
8.35532e-07
8.32406e-07
8.29194e-07
8.25898e-07
8.22519e-07
8.1906e-07
8.15521e-07
8.11904e-07
8.08211e-07
8.04444e-07
8.00604e-07
7.96693e-07
7.92713e-07
7.88666e-07
7.84553e-07
7.80376e-07
7.76137e-07
7.71837e-07
7.67479e-07
7.63064e-07
7.58595e-07
7.54072e-07
7.49497e-07
7.44874e-07
7.40202e-07
7.35485e-07
7.30724e-07
7.25921e-07
7.21077e-07
7.16195e-07
7.11276e-07
7.06322e-07
7.01335e-07
6.96317e-07
6.9127e-07
6.86195e-07
6.81094e-07
6.75969e-07
6.70822e-07
6.65654e-07
6.60468e-07
6.55265e-07
6.50047e-07
6.44815e-07
6.39571e-07
6.34318e-07
6.29056e-07
6.23787e-07
6.18514e-07
6.13237e-07
6.07959e-07
6.0268e-07
5.97403e-07
5.92129e-07
5.8686e-07
5.81597e-07
5.76342e-07
5.71096e-07
5.65861e-07
5.60638e-07
5.55429e-07
5.50235e-07
5.45057e-07
5.39897e-07
5.34757e-07
5.29637e-07
5.2454e-07
5.19465e-07
5.14415e-07
5.09391e-07
5.04394e-07
4.99425e-07
4.94486e-07
4.89577e-07
4.847e-07
4.79855e-07
4.75045e-07
4.70269e-07
4.65529e-07
4.60826e-07
4.56162e-07
4.51536e-07
4.46949e-07
4.42404e-07
4.379e-07
4.33438e-07
4.2902e-07
4.24646e-07
4.20316e-07
4.16032e-07
4.11794e-07
4.07603e-07
4.0346e-07
3.99365e-07
3.95319e-07
3.91322e-07
3.87375e-07
3.83478e-07
3.79633e-07
3.75839e-07
3.72096e-07
3.68406e-07
3.64769e-07
3.61185e-07
3.57654e-07
3.54177e-07
3.50754e-07
3.47385e-07
3.44071e-07
3.40811e-07
3.37607e-07
3.34457e-07
3.31363e-07
3.28324e-07
3.2534e-07
3.22412e-07
3.1954e-07
3.16723e-07
3.13962e-07
3.11256e-07
3.08606e-07
3.06012e-07
3.03472e-07
3.00988e-07
2.98559e-07
2.96185e-07
2.93866e-07
2.91602e-07
2.89392e-07
2.87236e-07
2.85134e-07
2.83086e-07
2.81091e-07
2.79149e-07
2.7726e-07
2.75424e-07
2.73639e-07
2.71906e-07
2.70225e-07
2.68594e-07
2.67014e-07
2.65484e-07
2.64003e-07
2.62572e-07
2.61189e-07
2.59854e-07
2.58567e-07
2.57326e-07
2.56133e-07
2.54985e-07
2.53883e-07
2.52826e-07
2.51813e-07
2.50843e-07
2.49917e-07
2.49033e-07
2.48192e-07
2.47391e-07
2.46631e-07
2.45911e-07
2.4523e-07
2.44587e-07
2.43983e-07
2.43416e-07
2.42885e-07
2.4239e-07
2.41931e-07
2.41506e-07
2.41114e-07
2.40756e-07
2.4043e-07
2.40135e-07
2.39872e-07
2.39638e-07
2.39434e-07
2.39259e-07
2.39557e-07
2.41148e-07
2.42656e-07
2.44082e-07
2.45426e-07
2.46688e-07
2.47868e-07
2.48967e-07
2.49985e-07
2.50922e-07
2.51779e-07
2.52556e-07
2.53253e-07
2.53872e-07
2.54412e-07
2.54875e-07
2.5526e-07
2.55568e-07
2.55801e-07
2.55958e-07
2.56041e-07
2.56049e-07
2.55985e-07
2.55848e-07
2.55639e-07
2.55359e-07
2.5501e-07
2.54591e-07
2.54103e-07
2.53549e-07
2.52928e-07
2.52241e-07
2.5207e-07
2.51885e-07
2.51636e-07
2.51323e-07
2.50948e-07
2.50511e-07
2.50013e-07
2.49455e-07
2.48837e-07
2.4816e-07
2.48473e-07
2.48848e-07
2.49221e-07
2.49592e-07
2.49959e-07
2.50323e-07
2.50682e-07
2.51036e-07
2.51386e-07
2.51729e-07
2.52067e-07
2.52397e-07
2.52721e-07
2.53037e-07
2.53345e-07
2.53645e-07
2.53935e-07
2.54217e-07
2.54489e-07
2.5475e-07
2.55002e-07
2.55242e-07
2.55472e-07
2.5569e-07
2.55896e-07
2.5609e-07
2.56272e-07
2.5644e-07
2.56596e-07
2.56739e-07
2.56868e-07
2.56983e-07
2.57084e-07
2.57171e-07
2.57243e-07
2.573e-07
2.57343e-07
2.5737e-07
2.57382e-07
2.57378e-07
2.57359e-07
2.57324e-07
2.57272e-07
2.57205e-07
2.57122e-07
2.57022e-07
2.56905e-07
2.56772e-07
2.56623e-07
2.56456e-07
2.56273e-07
2.56073e-07
2.55856e-07
2.55622e-07
2.55371e-07
2.55103e-07
2.54819e-07
2.54517e-07
2.54198e-07
2.53862e-07
2.53509e-07
2.53139e-07
2.52753e-07
2.52349e-07
2.51929e-07
2.51492e-07
2.51039e-07
2.50569e-07
2.50082e-07
2.49579e-07
2.4906e-07
2.48524e-07
2.47973e-07
2.47405e-07
2.46822e-07
2.46223e-07
2.45609e-07
2.44979e-07
2.44334e-07
2.43674e-07
2.42999e-07
2.4231e-07
2.41605e-07
2.40887e-07
2.40154e-07
2.39408e-07
2.38647e-07
2.37873e-07
2.37086e-07
2.36285e-07
2.35472e-07
2.34646e-07
2.33807e-07
2.32956e-07
2.32093e-07
2.31219e-07
2.30332e-07
2.29435e-07
2.28526e-07
2.27607e-07
2.26677e-07
2.25737e-07
2.24787e-07
2.23827e-07
2.22857e-07
2.21878e-07
2.20891e-07
2.19894e-07
2.18889e-07
2.17876e-07
2.16855e-07
2.15826e-07
2.1479e-07
2.13747e-07
2.12697e-07
2.11641e-07
2.10578e-07
2.0951e-07
2.08435e-07
2.07356e-07
2.06271e-07
2.05181e-07
2.04087e-07
2.02988e-07
2.01885e-07
2.00779e-07
1.99669e-07
1.98556e-07
1.9744e-07
1.96322e-07
1.95201e-07
1.94077e-07
1.92953e-07
1.91826e-07
1.90698e-07
1.89569e-07
1.8844e-07
1.8731e-07
1.86179e-07
1.85049e-07
1.83919e-07
1.82789e-07
1.8166e-07
1.80532e-07
1.79406e-07
1.78281e-07
1.77157e-07
1.76036e-07
1.74917e-07
1.738e-07
1.72686e-07
1.71574e-07
1.70466e-07
1.69361e-07
1.6826e-07
1.67163e-07
1.66069e-07
1.6498e-07
1.63895e-07
1.62814e-07
1.61739e-07
1.60668e-07
1.59602e-07
1.58542e-07
1.57487e-07
1.56438e-07
1.55395e-07
1.54358e-07
1.53327e-07
1.52302e-07
1.51284e-07
1.50273e-07
1.49268e-07
1.4827e-07
1.4728e-07
1.46296e-07
1.4532e-07
1.44352e-07
1.43391e-07
1.42438e-07
1.41492e-07
1.40555e-07
1.39626e-07
1.38704e-07
1.37792e-07
1.36887e-07
1.35991e-07
1.35104e-07
1.34225e-07
1.33355e-07
1.32493e-07
1.31641e-07
1.30797e-07
1.29963e-07
1.29137e-07
1.28321e-07
1.27514e-07
1.26716e-07
1.25927e-07
1.25147e-07
1.24377e-07
1.23616e-07
1.22865e-07
1.22123e-07
1.2139e-07
1.20667e-07
1.19953e-07
1.19249e-07
1.18554e-07
1.17869e-07
1.17193e-07
1.16527e-07
1.1587e-07
1.15223e-07
1.14585e-07
1.13956e-07
1.13337e-07
1.12727e-07
1.12126e-07
1.11535e-07
1.10953e-07
1.1038e-07
1.09817e-07
1.09263e-07
1.08717e-07
1.08181e-07
1.07654e-07
1.07136e-07
1.06626e-07
1.06126e-07
1.05634e-07
1.05151e-07
1.04677e-07
1.04211e-07
1.03753e-07
1.03304e-07
1.02864e-07
1.02432e-07
1.02007e-07
1.01591e-07
1.01183e-07
1.00783e-07
1.00391e-07
1.00007e-07
9.96298e-08

