0.950227188759490 0.657053819328200 0.091975503218597 2.565578212217772
1.002601159091638 0.590974291913454 0.007357323486531 2.683484029869903
1.018036063567579 0.553312306470945 0.048036331631833 2.715854554811767
0.998980243590712 0.557999269857585 -0.009847697157724 2.669256183474517
1.012006600740649 0.570080211548685 0.007673792187403 2.702792910671306
1.009029657736318 0.573952487669812 0.003382927166747 2.694927788619899
1.011812087497249 0.569461990627371 -0.000296703184487 2.701733813512423
1.009377183492024 0.573100749114481 0.002446383034260 2.695601121760024
0.950776352033820 0.561125109329000 -0.077862784941450 2.521220618725767
1.008370902182524 0.574692679868870 0.001049201180039 2.693123505714846
0.995308337590644 0.618781562238557 0.047754998223906 2.680507679095860
1.007597589234417 0.577808264883855 -0.000059282581143 2.692304400537030
0.980637185262286 0.604508375366933 -0.026965137385505 2.627691631166836
1.024114756075046 0.555781788654143 0.015960075429939 2.736051445717874
0.998188963589967 0.589847936210316 -0.001827501471894 2.668915673158038
0.995600979758226 0.557886605467392 -0.038555984111027 2.657709163568741
0.984261812958938 0.611210999181438 -0.006401955313159 2.636612333841144
0.997057471809626 0.570674863538483 -0.002591164848400 2.664705911527022
0.901242953373987 0.657364515092894 0.021537192292594 2.414393839049249
0.996666410626793 0.602891923829441 0.007257626662781 2.671165640681969
0.945818625116222 0.675370896272671 0.041172638402686 2.566455495027926
0.976247203043675 0.518013384629030 -0.040373309957322 2.580123518967770
0.997158437931874 0.568218043985458 -0.003886428026706 2.664838570492843
1.007912697540184 0.576753825630115 0.000255656942838 2.692755365034948
1.017146294876013 0.559729960041499 0.005696200981539 2.714380679060608
1.020280288810461 0.557293696901672 0.014804218536383 2.723871879897629
1.011611848111617 0.586073678446682 0.088936971869083 2.717093368297746
1.003879188421137 0.607082155757772 0.141605416630816 2.709734799225717
0.977298247019295 0.641245604913129 0.094523751623056 2.642454572613285
1.007623909035604 0.575838471884522 0.009610623457592 2.691353999931980
1.023275867964299 0.557516666019423 0.055215051257822 2.736292487698197
0.995623109475803 0.610332578780070 0.047435254205090 2.674533166644642
0.991190252500007 0.619013673341482 0.028888045499745 2.664888688151450
1.013189338028880 0.567535643194561 0.020006294954532 2.705554542302086
1.013256649519418 0.564385908061248 0.006229710303315 2.703842887549100
1.028066482876321 0.570134711927476 0.078839837247695 2.762414730535055
1.021879778649955 0.552772599837765 0.024967839079264 2.727337964682639
1.034756783696489 0.555002961292372 0.047070191199297 2.773493613087118
1.007833775977484 0.577205454963046 -0.000060191643175 2.692749353880296
1.007195168148727 0.579583981986797 0.000751859850099 2.691984481569986
1.007833338998283 0.577063319554517 0.000357991670745 2.692666764359099
1.007877757871418 0.576932144685247 0.004151374149448 2.692757592412983
1.008010213630153 0.576222253838466 0.001300033322650 2.692781466383081
1.007617739457189 0.577948418115490 0.000199442511986 2.692452459253688
1.007570208673938 0.578314017950346 0.001324415407223 2.692505878881366
1.007870797111630 0.577201400939636 0.002087479417263 2.692880459634537
1.005465298110082 0.583242032280502 -0.000117548594473 2.688332176329383
1.007154666536438 0.578032981849124 0.004723963547487 2.690977205222115
1.006459229367657 0.581268778781502 0.001509628362280 2.690506667860706
1.006906242896737 0.578636699237757 0.011668506703319 2.690535227884947
1.006340596737220 0.588487324284056 0.024713613657434 2.694835443976100
1.004623115794051 0.586306641018869 0.004328159319026 2.687409130991014
1.008244057563086 0.576252660597263 0.015774176913704 2.693755739465226
0.962867299338784 0.628603340678792 -0.029399465447609 2.590450771427643
1.011271108841485 0.573651505837068 0.018936054318436 2.702606307454630
1.009796775150914 0.573227771895847 0.006897477898093 2.697131288021693
1.010904970258301 0.577843696907173 0.036931517446392 2.704558502533012
1.006790866376417 0.581524119645058 0.019693833883644 2.692122715239504
1.005148849046711 0.583774602572069 0.043089995774233 2.689087354017276
0.979688323780895 0.625369926424711 0.007653143663023 2.631145401595278
1.004829882167826 0.597499257407937 0.037443351456733 2.696718153499815
1.006482564665833 0.600058245398008 0.062331539944977 2.706235084212269
1.001073500586084 0.598915013216624 0.014831380897706 2.683710094538867
0.993003021556555 0.597626856962631 -0.004068584038896 2.656120152513171
0.986295914366177 0.604235701555200 -0.017700296128503 2.639426627204082
0.979431506030788 0.625445481692930 -0.004444384555830 2.630537724752395
0.992827801834453 0.583514003333041 -0.027349430763570 2.657232290152504
0.997844331109072 0.569514591500306 -0.008948703069164 2.666735926675799
0.999352802411884 0.596976519335086 0.004233582503524 2.676358191296784
0.989872712247164 0.604304869032138 -0.001294192958847 2.649629684790507
0.993730348929956 0.588130813273508 -0.020260295575976 2.657377963086577
0.991829491345109 0.601209070794800 -0.002420861174346 2.654292849418947
0.990667279462568 0.596498445079886 -0.016754300492139 2.649995071752690
0.997895831130559 0.584175393827165 -0.005024938446086 2.666873414428018
0.996049609533062 0.595060707702127 -0.003912792454186 2.664680261187664
0.999350100530069 0.588246961794086 -0.000026804301415 2.671835919386533
0.998711259389383 0.584014068862788 -0.001341849816516 2.669550959206124
0.997018055742162 0.584586058108679 -0.014249159786817 2.666236385645746
0.997260224310505 0.570704956845807 -0.017142771067811 2.665292675070943
0.996202866205288 0.592336844677131 -0.001701423068938 2.663656653723398
0.995881328294615 0.586579234846881 -0.008778778202207 2.661617687725079
0.998509579298756 0.584243634180265 -0.002736963953247 2.668945776234107
0.999230203893633 0.562787300100652 -0.003753473034330 2.671722752582555
0.998333112355396 0.583614840558254 -0.000685656385158 2.668058175602041
0.991154129656464 0.510058180083031 -0.042113886980828 2.626444209472496
0.997552293000204 0.512670176268021 -0.035889686147980 2.649466566906027
0.997744615906898 0.561409957935751 -0.021660765096578 2.665545614119887
1.002158104902003 0.519419988249814 -0.011798265394624 2.668023166634728
0.997953038447866 0.577608865669312 -0.001888329090878 2.666622460040219
0.997263809011056 0.577950762058242 -0.006716617455003 2.664560410940499
0.937727964631269 0.640370039425097 -0.008709525708721 2.519598918347537
0.981350788580487 0.614440505559904 -0.020317635419915 2.630357205018466
0.971458429645350 0.621563422503379 -0.019786858392023 2.602294229744946
0.986625838012529 0.591452171394550 -0.034574852607862 2.641034045321027
0.963953749949343 0.616480651656357 -0.035224866262643 2.585709204001235
0.979270919240601 0.522509965927187 -0.068568727341741 2.594432092222068
0.990876288002714 0.514965189174366 -0.055461272218843 2.628643764924981
0.889138995604663 0.587982827594148 -0.065882332199382 2.339609850034211
0.960721070735511 0.536648414388793 -0.073302824140840 2.540159765332063
0.993261656861061 0.517846797824460 -0.020040758004167 2.636989479052168
1.001161276062660 0.529627944164996 -0.018219667037802 2.668128805247252
1.000756772359776 0.540866385095043 -0.001450490193361 2.671434243429906
0.997960012305999 0.569331473034181 -0.002762890261829 2.667749299427835
0.997722978698009 0.571201678574187 -0.001843987801391 2.667237238129512

