0.928198 0.690077 0.0658922 2.51378
0.935599 0.683734 0.0787949 2.53329
0.90312 0.711811 0.102051 2.45853
0.92727 0.694773 0.0580614 2.51407
0.891343 0.721585 0.0726429 2.42909
0.866296 0.71913 0.0624852 2.35171
0.920403 0.699279 0.0431274 2.49537
0.878361 0.712958 0.0945767 2.38379
0.94589 0.671074 0.0542724 2.55425
0.954962 0.658542 0.041326 2.57313
0.946358 0.666523 0.0609959 2.55275
0.939837 0.674737 0.046077 2.53733
0.918677 0.695959 0.123275 2.49562
0.919738 0.683117 0.138573 2.49037
0.897138 0.700562 0.121021 2.43251
0.937876 0.677377 0.0861789 2.5362
0.996294 0.598938 0.00818529 2.66713
0.996688 0.597953 0.00742985 2.66784
0.996693 0.598385 0.0116455 2.66815
0.995547 0.599983 0.00784647 2.66528
0.995342 0.600819 0.0124545 2.66516
0.994737 0.602172 0.0137742 2.66399
0.995158 0.601119 0.00855787 2.66469
0.996174 0.599513 0.0129397 2.66713
0.99577 0.599488 0.00419656 2.6657
0.995566 0.600015 0.00127152 2.66533
0.996408 0.598541 0.00451802 2.66724
0.995363 0.600449 0.00477643 2.66493
0.997894 0.596224 0.0106029 2.67083
0.998734 0.595173 0.0107047 2.67298
0.997492 0.59723 0.0119131 2.67011
0.997395 0.596974 0.00768641 2.66959
1.00976 0.569887 0.0463341 2.69633
1.00874 0.57438 0.0472215 2.69537
1.01092 0.568509 0.0437118 2.69923
1.00961 0.570913 0.0539838 2.69672
1.012 0.565153 0.049376 2.70133
1.01269 0.560723 0.049793 2.70133
1.01021 0.565432 0.0539564 2.69578
1.01172 0.56478 0.0430087 2.6999
1.00661 0.57833 0.056797 2.69102
1.00487 0.580789 0.0615693 2.68701
1.00803 0.576962 0.0504755 2.69478
1.00732 0.572275 0.0573164 2.69008
1.01003 0.571817 0.0382733 2.69785
1.01069 0.571358 0.0340938 2.69972
1.01088 0.568016 0.037814 2.69863
1.00962 0.573622 0.0416395 2.69773
1.00071 0.572805 -0.00494445 2.6739
1.00048 0.573318 -0.00260361 2.67341
1.00097 0.575277 -0.00353159 2.67474
1.00111 0.568852 -0.00277453 2.67476
1.00181 0.570582 -0.00396253 2.67646
1.00223 0.569834 -0.00691981 2.67742
1.00152 0.568075 -0.00523952 2.67568
1.00124 0.574805 -0.00605049 2.67539
1.00036 0.56773 -0.00169985 2.6733
1.00004 0.566575 -0.00213946 2.67311
1.00014 0.571157 -0.00372119 2.67261
1.00075 0.56699 -0.00359582 2.67421
1.00041 0.578961 -0.00298101 2.67372
1.00008 0.581596 -0.0042897 2.67313
1.00058 0.578644 -0.00507961 2.67409
1.00013 0.576621 -0.00431328 2.67266
1.00784 0.577757 0.0105502 2.69316
1.00801 0.577071 0.0126542 2.69335
1.00734 0.578557 0.0102671 2.69194
1.00842 0.575875 0.00956242 2.69403
1.00757 0.577733 0.00774365 2.69221
1.00727 0.578519 0.00611886 2.69166
1.00815 0.576787 0.00747896 2.69361
1.00714 0.579189 0.00855995 2.69162
1.0094 0.573753 0.0120361 2.69611
1.01028 0.572562 0.0121026 2.69842
1.00858 0.57619 0.0131851 2.69479
1.00915 0.574786 0.00938848 2.69583
1.0068 0.579883 0.012708 2.69094
1.00607 0.58178 0.0131482 2.68959
1.00676 0.580317 0.0109513 2.69102
1.00725 0.579331 0.0134068 2.69211
1.00431 0.583533 0.00522641 2.68465
1.00448 0.583281 0.00484445 2.68507
1.00454 0.583255 0.00697567 2.68526
1.00394 0.584491 0.00548354 2.68397
1.00379 0.584868 0.00737923 2.6837
1.00343 0.585652 0.00753682 2.68294
1.00371 0.584966 0.00572406 2.68348
1.00422 0.583842 0.00729457 2.68454
1.00393 0.584441 0.00392679 2.6839
1.00377 0.584656 0.00300302 2.68347
1.00423 0.583605 0.00358454 2.6844
1.0038 0.584669 0.00420749 2.68361
1.00526 0.581608 0.00598632 2.6867
1.00581 0.579955 0.00520719 2.68759
1.00505 0.581894 0.0065487 2.68616
1.00489 0.582082 0.00430151 2.68572
1.00752 0.577467 0.00136391 2.69187
1.0081 0.575976 0.00387816 2.69295
1.00687 0.578773 0.0027844 2.69045
1.00758 0.576938 0.00195112 2.69176
1.00646 0.579521 0.0013409 2.68948
1.00602 0.580538 -0.000188847 2.6886
1.00702 0.578338 -0.00024721 2.69068
1.00642 0.579896 0.000905215 2.68957
1.00911 0.573427 0.00286753 2.69488
1.01031 0.571473 0.000761042 2.69782
1.00906 0.574427 0.00250895 2.69531
1.00837 0.575331 -0.000164228 2.69349
1.00721 0.578178 0.00446886 2.69125
1.00713 0.579006 0.00436918 2.69145
1.00679 0.579359 0.00236281 2.69049
1.00802 0.576973 0.00364175 2.69325
1.00495 0.582356 0.00283064 2.68609
1.00475 0.582769 0.00190322 2.68565
1.00556 0.581062 0.00190305 2.68736
1.00483 0.582545 0.00281166 2.68581
1.00572 0.580691 0.00312266 2.68768
1.00596 0.580076 0.00423939 2.68815
1.00496 0.582057 0.0037876 2.68593
1.00589 0.580536 0.00296848 2.68818
1.00422 0.583908 0.00247742 2.68453
1.00381 0.584642 0.00269472 2.68361
1.00431 0.583745 0.00251606 2.68475
1.00429 0.583567 0.00321644 2.68458
1.00535 0.581495 0.000914816 2.6869
1.00538 0.581504 0.000774969 2.68703
1.00567 0.580995 0.0017587 2.68769
1.00482 0.582657 0.00191408 2.68581
0.977786 0.595776 -0.0920002 2.61659
0.971185 0.600085 -0.0977818 2.59872
0.981049 0.592059 -0.0871335 2.62467
0.978265 0.604417 -0.0783352 2.62045
0.984846 0.597761 -0.0711788 2.63707
0.987667 0.594359 -0.0648974 2.6435
0.98291 0.600862 -0.0729332 2.63273
0.984179 0.58877 -0.0813005 2.632
0.968953 0.613408 -0.0853866 2.59653
0.96663 0.618749 -0.085668 2.59248
0.967498 0.60566 -0.102324 2.59063
0.976041 0.608449 -0.0800125 2.61585
0.976974 0.579208 -0.111712 2.60978
0.974993 0.549993 -0.129447 2.59255
0.980691 0.575436 -0.102243 2.61788
0.970975 0.583865 -0.119827 2.59351
1.00396 0.584165 0.0008248 2.68382
1.00399 0.584022 0.000650683 2.68383
1.00417 0.583674 0.00159365 2.68425
1.00376 0.584605 0.00113892 2.6834
1.00384 0.584484 0.0019691 2.68362
1.00373 0.584904 0.00217865 2.68348
1.00369 0.584847 0.0012957 2.68333
1.00408 0.584073 0.00185547 2.68419
1.00361 0.584863 0.000460881 2.68307
1.00344 0.585183 7.72794e-05 2.68268
1.00376 0.584465 9.82396e-05 2.68334
1.00359 0.584965 0.000588655 2.68307
1.00451 0.582833 0.000927938 2.68488
1.00483 0.582077 0.000290606 2.68552
1.00447 0.583111 0.00124252 2.68493
1.0042 0.58346 0.000136229 2.6842
0.974879 0.630616 0.0607547 2.61928
0.971944 0.637977 0.0655743 2.61482
0.975049 0.632816 0.0549948 2.62067
0.979472 0.625651 0.0652763 2.63112
0.981046 0.622943 0.0553226 2.63369
0.982405 0.61788 0.0505904 2.63464
0.981556 0.619589 0.0600417 2.63371
0.976963 0.626718 0.050413 2.6227
0.977759 0.629017 0.0778056 2.62876
0.979004 0.623791 0.0843464 2.63007
0.971891 0.635236 0.0724478 2.61351
0.98026 0.621447 0.0708065 2.63159
0.968027 0.643973 0.0515499 2.60528
0.963205 0.648467 0.0397776 2.59249
0.970409 0.636902 0.0473579 2.60814
0.966966 0.643803 0.0580589 2.60233
1.00258 0.587017 8.81838e-05 2.68088
1.00259 0.586992 7.40945e-05 2.68092
1.00258 0.587053 0.000152712 2.68089
1.00254 0.587114 6.19321e-05 2.68082
1.0025 0.587237 9.81616e-05 2.68075
1.00244 0.587312 2.06075e-05 2.68058
1.00251 0.587163 9.75117e-06 2.68073
1.00255 0.587097 0.000162403 2.68082
1.00256 0.587045 3.12401e-05 2.68085
1.00256 0.587026 -9.50035e-06 2.68083
1.00259 0.586977 2.42468e-05 2.6809
1.00255 0.58707 1.10816e-06 2.68081
1.00264 0.586911 0.000103765 2.68102
1.00268 0.586796 6.55017e-05 2.68108
1.00262 0.586926 0.000148874 2.68096
1.00263 0.586899 4.52165e-05 2.68098
0.988168 0.604318 -0.038979 2.64603
0.990407 0.602058 -0.0371106 2.65196
0.987859 0.607816 -0.0356754 2.6467
0.984164 0.60728 -0.0440879 2.63518
0.981247 0.613819 -0.0412308 2.62913
0.978344 0.617116 -0.0409749 2.62172
0.981284 0.6105 -0.0447836 2.62778
0.985754 0.610392 -0.0364326 2.6414
0.987589 0.600448 -0.045812 2.64298
0.987647 0.594628 -0.0499923 2.64056
0.990643 0.597958 -0.0400704 2.65083
0.984433 0.603534 -0.0480913 2.63457
0.99214 0.603001 -0.029861 2.65748
0.993793 0.600521 -0.0253217 2.66115
0.990637 0.604878 -0.0306379 2.65369
0.992335 0.600029 -0.0320985 2.65666
1.0178 0.55901 0.0247169 2.71645
1.01693 0.560014 0.0222958 2.71401
1.0212 0.551167 0.0195939 2.72364
1.01773 0.558131 0.0272676 2.71581
1.02241 0.548708 0.0251611 2.72659
1.025 0.548189 0.0267674 2.73512
1.0185 0.55715 0.030151 2.71795
1.02356 0.550196 0.0205092 2.73113
1.01424 0.565061 0.0270117 2.70785
1.01193 0.57028 0.0287093 2.70302
1.01459 0.565711 0.0247121 2.70932
1.01508 0.564428 0.0291809 2.71037
1.01978 0.554187 0.0150646 2.72035
1.02004 0.555974 0.0114343 2.72212
1.02181 0.55291 0.0154169 2.72654
1.01691 0.561001 0.0199276 2.71444
0.998553 0.59361 -0.00216958 2.67155
0.998682 0.59333 -0.0019021 2.67181
0.998281 0.593958 -0.00214971 2.67085
0.998702 0.593205 -0.00284848 2.67187
0.998268 0.593845 -0.00328339 2.6708
0.99808 0.594239 -0.00373882 2.67042
0.998603 0.593502 -0.00323568 2.67172
0.998082 0.594329 -0.00247718 2.67041
0.999028 0.592695 -0.00243098 2.67265
0.999239 0.592437 -0.00244675 2.67321
0.998877 0.593032 -0.0019173 2.67229
0.998974 0.592934 -0.00278926 2.67261
0.998388 0.593829 -0.00116412 2.67109
0.998349 0.593541 -0.000374558 2.67077
0.998174 0.594176 -0.0013491 2.67058
0.998596 0.593483 -0.00127 2.67158
1.00318 0.570162 -0.0226686 2.67825
1.00326 0.570337 -0.0177902 2.67858
1.00276 0.574447 -0.0199597 2.67836
1.00438 0.563162 -0.0212615 2.67986
1.00363 0.567743 -0.0243401 2.67884
1.00307 0.56796 -0.031166 2.67718
1.00448 0.562738 -0.0271932 2.68002
1.00244 0.574664 -0.0248201 2.67745
1.00475 0.56033 -0.0179556 2.68053
1.00526 0.557858 -0.0189302 2.68188
1.00362 0.566739 -0.0197478 2.67871
1.00506 0.559657 -0.0229915 2.68124
1.00205 0.579353 -0.0170855 2.67792
1.00139 0.583027 -0.0177671 2.67721
1.002 0.579433 -0.0206848 2.6778
1.00229 0.575932 -0.0192265 2.67742
0.982462 0.616187 -0.0133434 2.63256
0.984161 0.614147 -0.0178306 2.6369
0.982922 0.615749 -0.0137725 2.63368
0.980103 0.62171 -0.0144921 2.62834
0.980056 0.621446 -0.00852315 2.62785
0.979086 0.622254 -0.0028405 2.62515
0.979188 0.623367 -0.00759623 2.62633
0.981107 0.617126 -0.0100714 2.62856
0.981277 0.619371 -0.0199598 2.63091
0.980866 0.618117 -0.019739 2.62895
0.984083 0.613518 -0.0177146 2.63642
0.979484 0.621685 -0.0138614 2.62642
0.986496 0.610133 -0.0154645 2.64194
0.987781 0.606964 -0.0144011 2.64421
0.98417 0.611826 -0.0138071 2.63534
0.986411 0.609269 -0.0155749 2.64125
0.999259 0.584273 -0.000814539 2.67138
0.999269 0.584353 -0.000278067 2.6715
0.999662 0.587097 -0.000403313 2.67283
0.99931 0.583942 -0.000524259 2.67157
0.999663 0.586832 -0.000697478 2.67278
0.999613 0.586803 -0.00122412 2.67257
0.999272 0.583864 -0.00117769 2.67136
0.999631 0.587058 -0.000864648 2.67268
0.998621 0.580175 -0.000330085 2.66988
0.997753 0.576237 -0.0006293 2.66783
0.998517 0.580581 -0.000690273 2.6694
0.99858 0.58002 -0.00103583 2.6696
0.999642 0.587353 -0.000234495 2.67282
0.999594 0.587516 -0.000409406 2.67266
0.999626 0.587315 -0.000602723 2.67273
0.999204 0.584617 -0.000552275 2.67123
0.915414 0.692697 -0.0497287 2.47747
0.923153 0.687297 -0.0559654 2.4978
0.917568 0.698447 -0.0327421 2.48698
0.885393 0.706882 -0.0440575 2.4028
0.878039 0.7222 -0.009707 2.39049
0.856863 0.721426 0.0136805 2.32592
0.85787 0.710541 -0.0212061 2.32172
0.910965 0.701692 -0.0240178 2.46875
0.89767 0.684874 -0.073301 2.42626
0.884576 0.668334 -0.0792494 2.37459
0.923458 0.679413 -0.0711385 2.49491
0.868582 0.692069 -0.0528414 2.34149
0.93766 0.675698 -0.0316414 2.53183
0.947551 0.661443 -0.0274827 2.55177
0.931434 0.678123 -0.0245974 2.51374
0.934887 0.671196 -0.0407182 2.52054
0.988715 0.612496 0.00612491 2.65042
0.989483 0.610743 0.00574288 2.65186
0.987862 0.613596 0.010045 2.64837
0.987627 0.613523 0.0039225 2.64748
0.984885 0.617605 0.00677684 2.6411
0.982993 0.618849 0.00579589 2.63569
0.986848 0.614716 0.00324066 2.64566
0.98638 0.61595 0.0108318 2.64498
0.989038 0.61081 0.00197663 2.6504
0.989389 0.609936 0.000610181 2.651
0.989878 0.610051 0.00312831 2.6527
0.98859 0.611682 0.00186609 2.64947
0.990921 0.608898 0.0113994 2.65552
0.992967 0.606716 0.0132419 2.66094
0.989813 0.61147 0.0130478 2.65348
0.990908 0.609321 0.0075136 2.65568
0.935974 0.683159 0.01088 2.53077
0.929644 0.681797 -0.00442631 2.51012
0.94556 0.667922 0.00624013 2.54924
0.933589 0.681287 0.0216409 2.52192
0.949808 0.665104 0.0248883 2.56086
0.954497 0.662118 0.0328175 2.57396
0.940848 0.678936 0.0347412 2.54336
0.949722 0.66726 0.0163575 2.56202
0.912955 0.704272 0.00707637 2.47592
0.8854 0.726991 0.0291943 2.41532
0.916765 0.704564 -0.0051685 2.48805
0.920857 0.70302 0.030167 2.49949
0.944601 0.665953 -0.0130619 2.54507
0.948519 0.663858 -0.0210535 2.55619
0.947491 0.667796 -0.0022388 2.5553
0.935515 0.680923 -0.0147026 2.52808
0.998223 0.564534 -0.0459846 2.66156
0.997964 0.572061 -0.0479194 2.66366
0.996116 0.567233 -0.054826 2.65635
1.00084 0.560571 -0.0463475 2.66805
0.999234 0.555054 -0.0539661 2.66119
0.999543 0.548782 -0.0510007 2.66002
1.00125 0.552174 -0.0435041 2.66598
0.99627 0.559987 -0.0520513 2.65406
1.00181 0.566808 -0.0398409 2.6732
1.00226 0.565059 -0.0303973 2.67343
0.99929 0.569957 -0.0405995 2.66654
1.00198 0.558303 -0.0365859 2.67028
0.993168 0.579052 -0.0547551 2.65209
0.989454 0.583858 -0.0532301 2.64264
0.993116 0.572168 -0.0524 2.64918
0.994889 0.576075 -0.0477665 2.65576
0.99948 0.582073 -0.00212791 2.67183
0.999582 0.580435 -0.00113612 2.67214
0.999427 0.582236 -0.000565802 2.67174
0.999817 0.584627 -0.00110215 2.67292
0.999674 0.585775 -0.00061878 2.67263
0.999556 0.586623 -0.0011946 2.67234
0.999703 0.585674 -0.00172118 2.67267
0.999329 0.58352 -0.0014462 2.67141
1.00002 0.583316 -0.00187041 2.67341
0.99998 0.583221 -0.00357802 2.67322
0.999639 0.58022 -0.00304927 2.67221
0.999846 0.584519 -0.00245606 2.67296
0.998882 0.577193 -0.000472186 2.67049
0.998246 0.573806 -0.00159077 2.66897
0.998825 0.579042 -0.00172543 2.67005
0.99896 0.576886 -0.00242563 2.67057
1.00303 0.586097 0.000355494 2.68183
1.00306 0.586003 0.000485875 2.68189
1.00298 0.586179 0.000368925 2.68172
1.00306 0.586013 0.000177768 2.68189
1.00297 0.586191 0.000137549 2.68172
1.00294 0.586264 7.43316e-05 2.68163
1.00301 0.586107 9.41186e-05 2.6818
1.00295 0.586251 0.000270888 2.68167
1.00317 0.585781 0.000236299 2.68212
1.00323 0.585635 0.000158893 2.68225
1.00312 0.58589 0.000465145 2.68202
1.00311 0.585904 0.000121199 2.682
1.00294 0.586259 0.000620094 2.68163
1.00284 0.586464 0.000699829 2.68144
1.00292 0.586321 0.000494087 2.68161
1.00298 0.586181 0.000646855 2.68174
1.01408 0.565292 0.00826056 2.70708
1.01477 0.563317 0.00631628 2.70828
1.0145 0.563983 0.01042 2.70778
1.01328 0.56657 0.00820413 2.70509
1.01296 0.567392 0.0115355 2.70449
1.01216 0.569412 0.0126509 2.70296
1.01262 0.568432 0.00964132 2.70391
1.01371 0.566396 0.0120464 2.70648
1.01333 0.566368 0.00464954 2.70513
1.01279 0.567845 0.00271278 2.70413
1.01431 0.564942 0.00392709 2.70764
1.01279 0.567828 0.00633829 2.70414
1.01632 0.559931 0.00861891 2.71167
1.01774 0.558259 0.00806433 2.71556
1.0154 0.562672 0.0108452 2.7101
1.01593 0.561761 0.00562396 2.71134
1.01439 0.565935 0.0182362 2.70863
1.01491 0.565374 0.0208627 2.7101
1.013 0.568836 0.0205382 2.70558
1.01493 0.565399 0.0161165 2.71007
1.01313 0.568716 0.0162615 2.70586
1.01265 0.569277 0.0142941 2.70457
1.01434 0.566123 0.0138518 2.70847
1.01261 0.569264 0.0181889 2.7045
1.01698 0.561327 0.0158089 2.71475
1.0186 0.557228 0.0114876 2.71792
1.01636 0.561908 0.0181318 2.71305
1.01628 0.562263 0.0130014 2.71288
1.01255 0.569415 0.0249831 2.70449
1.01151 0.570524 0.0267991 2.70169
1.01222 0.569735 0.0223403 2.70354
1.01404 0.566204 0.0228879 2.70769
0.993926 0.594908 0.0978192 2.66249
0.990943 0.601428 0.110933 2.65802
0.993009 0.596236 0.0877991 2.65897
0.997029 0.590368 0.0968437 2.66975
0.997608 0.58792 0.0771858 2.66827
0.998899 0.584411 0.0688372 2.66983
0.999035 0.585523 0.0856769 2.67246
0.995314 0.591388 0.0782467 2.66283
0.996253 0.594704 0.122911 2.67304
0.997987 0.593608 0.137226 2.6806
0.991919 0.600338 0.124205 2.66261
0.998854 0.587936 0.107484 2.67573
0.98689 0.606872 0.0988411 2.64649
0.983606 0.611907 0.0986898 2.63895
0.9903 0.600592 0.088094 2.65278
0.986998 0.606922 0.110933 2.64872
0.975791 0.625761 0.135879 2.62725
0.969359 0.636125 0.130604 2.61303
0.981472 0.617234 0.129809 2.63981
0.972289 0.631993 0.155491 2.62362
0.986616 0.611625 0.149744 2.65618
0.990458 0.598589 0.157971 2.6611
0.974248 0.617317 0.168237 2.62145
0.987791 0.607533 0.133001 2.65428
0.956168 0.653728 0.153874 2.5864
0.937516 0.660562 0.167619 2.53335
0.962859 0.646295 0.134577 2.59915
0.956288 0.637926 0.171056 2.5776
0.977101 0.622125 0.1131 2.6263
0.979091 0.618757 0.104194 2.6288
0.982143 0.61351 0.117591 2.63743
0.972146 0.63003 0.118691 2.61573
0.957166 0.653026 0.087121 2.5798
0.961824 0.64576 0.0754829 2.58847
0.959825 0.646942 0.101796 2.58561
0.951334 0.65928 0.0810847 2.56515
0.946632 0.665166 0.112381 2.55797
0.937016 0.675791 0.134672 2.53871
0.944884 0.669844 0.0950298 2.5538
0.954748 0.656113 0.118342 2.57801
0.957268 0.653947 0.0578446 2.5783
0.95878 0.655152 0.0464516 2.58327
0.961185 0.649651 0.0636392 2.58817
0.951781 0.662063 0.0670303 2.56728
0.96949 0.633853 0.0912274 2.60642
0.974229 0.627965 0.0916855 2.61801
0.966097 0.639677 0.104471 2.60111
0.96632 0.640532 0.0790206 2.59967
1.00238 0.586775 0.0114524 2.68017
1.00308 0.585659 0.0114272 2.68181
1.0023 0.58698 0.0129876 2.68002
1.00193 0.587562 0.0112965 2.6791
1.00103 0.58907 0.0123753 2.67701
1.00026 0.590453 0.0120662 2.67525
1.0012 0.588765 0.011014 2.6774
1.00149 0.588333 0.0127606 2.67811
1.00263 0.586393 0.0100593 2.68075
1.00265 0.586293 0.00888012 2.68076
1.00307 0.585587 0.00997934 2.68175
1.00204 0.58734 0.00998403 2.67932
1.00364 0.584631 0.0129912 2.68313
1.00434 0.583351 0.0126512 2.68473
1.00283 0.585982 0.0130608 2.68123
1.00361 0.584578 0.011221 2.68299
1.01285 0.565056 0.0656576 2.70517
1.01209 0.56639 0.0710663 2.70366
1.0103 0.566596 0.0615277 2.69714
1.01717 0.561104 0.0657357 2.71741
1.01451 0.562116 0.0571292 2.70853
1.01465 0.561466 0.0525121 2.70844
1.01741 0.560481 0.0598196 2.71757
1.01095 0.565262 0.0567202 2.69837
1.01998 0.558291 0.075569 2.72608
1.02397 0.554032 0.0786478 2.7378
1.01472 0.563865 0.0751041 2.71155
1.02031 0.557439 0.0679887 2.72628
1.00578 0.573071 0.0641037 2.68585
1.00231 0.579083 0.0609002 2.67764
1.0067 0.571384 0.0592435 2.68774
1.00801 0.571339 0.069143 2.69277
0.98051 0.625809 0.0422012 2.63311
0.979979 0.628366 0.0391656 2.633
0.984016 0.622436 0.0407887 2.6424
0.977485 0.629264 0.0457822 2.62584
0.982177 0.622998 0.0467071 2.6371
0.982873 0.620164 0.0492738 2.63757
0.977884 0.626157 0.0491203 2.62515
0.984632 0.619892 0.0432734 2.6428
0.97247 0.636354 0.0426708 2.61413
0.967349 0.641445 0.0427311 2.60088
0.976544 0.632446 0.0403047 2.62445
0.972557 0.63311 0.0471652 2.61232
0.98546 0.620157 0.0355373 2.6454
0.987545 0.615773 0.0337662 2.64928
0.985972 0.61785 0.0381878 2.64563
0.98258 0.623877 0.0374525 2.63836
0.978282 0.630765 0.0225417 2.62833
0.975443 0.632605 0.0160097 2.6202
0.980575 0.62421 0.0177211 2.63145
0.97857 0.629485 0.0272102 2.62857
0.983837 0.620618 0.0262013 2.63999
0.986657 0.617795 0.0293342 2.64752
0.981796 0.626612 0.0318872 2.63736
0.982892 0.622079 0.0220583 2.63773
0.971619 0.638876 0.0261327 2.61226
0.967285 0.646057 0.0321468 2.60342
0.972317 0.639953 0.0201036 2.61506
0.975602 0.635847 0.0331412 2.62336
0.978798 0.626015 0.00882914 2.6267
0.979637 0.625939 0.00513315 2.62935
0.980477 0.624745 0.0137281 2.6314
0.976611 0.632413 0.0119519 2.6238
1.00852 0.576361 0.0188793 2.69476
1.00976 0.573298 0.0188542 2.6972
1.00781 0.577561 0.0186588 2.69308
1.00832 0.576713 0.0157929 2.69424
1.00679 0.580001 0.0156566 2.69101
1.00594 0.58165 0.0150065 2.68909
1.00735 0.579088 0.0158005 2.69234
1.00679 0.579803 0.0180868 2.69092
1.01008 0.572721 0.0153819 2.6979
1.01071 0.571874 0.015292 2.69951
1.01051 0.572071 0.0190503 2.699
1.00889 0.575726 0.0159648 2.69557
1.00911 0.574344 0.0225691 2.6957
1.00913 0.573924 0.0273362 2.6956
1.00786 0.577315 0.0218637 2.69316
1.01001 0.572773 0.0230228 2.6978
1.00966 0.573017 0.00685717 2.69654
1.01074 0.571377 0.00606628 2.69924
1.00924 0.574707 0.00664365 2.69609
1.00934 0.574402 0.00444633 2.69622
1.00816 0.577021 0.00522854 2.69376
1.00734 0.578031 0.00558033 2.6916
1.00846 0.575768 0.00534407 2.69406
1.00826 0.575915 0.00692367 2.69349
1.01077 0.571104 0.00328383 2.69916
1.01123 0.569511 0.00315248 2.69981
1.0113 0.5694 0.00614061 2.7
1.00969 0.572867 0.00456612 2.69654
1.01052 0.571999 0.00882724 2.69886
1.01062 0.570574 0.0115518 2.69843
1.00934 0.573408 0.00883782 2.6957
1.01114 0.56982 0.00906163 2.69973
1.00975 0.573574 0.094971 2.70205
1.00561 0.578432 0.0959868 2.69132
1.01076 0.570133 0.0857966 2.70274
1.01455 0.569301 0.106681 2.71747
1.01979 0.560476 0.0921032 2.72851
1.02493 0.557255 0.0872834 2.74354
1.02049 0.564402 0.103051 2.73411
1.01425 0.566407 0.0841625 2.71208
1.00742 0.580835 0.121345 2.70208
1.00442 0.586219 0.134771 2.69685
1.00373 0.582718 0.104617 2.68835
1.01378 0.574141 0.119487 2.71899
1.00427 0.578097 0.0766674 2.68477
1.00179 0.581437 0.0663708 2.67756
1.00742 0.574076 0.0761109 2.69279
1.0027 0.581517 0.0833767 2.68201
1.01621 0.560525 0.0375314 2.7123
1.01409 0.564646 0.0362535 2.70748
1.01648 0.56096 0.0334021 2.71336
1.01799 0.557311 0.0383652 2.71669
1.0204 0.552713 0.0342952 2.72221
1.02365 0.547757 0.0332219 2.73051
1.0206 0.552155 0.039225 2.7227
1.01847 0.556424 0.0344665 2.71754
1.01531 0.561744 0.0413137 2.71026
1.01426 0.561276 0.0434706 2.70658
1.01323 0.564014 0.0389217 2.70433
1.01782 0.5572 0.04274 2.7162
1.01291 0.567571 0.0320193 2.70495
1.01133 0.56968 0.030765 2.70073
1.01482 0.563985 0.0328757 2.70933
1.01225 0.566956 0.0345456 2.70244
1.02371 0.551137 0.0558832 2.7335
1.02205 0.552274 0.0590203 2.72876
1.02295 0.550736 0.0489113 2.73037
1.02679 0.545203 0.0552027 2.74093
1.02666 0.545113 0.0440342 2.73981
1.02848 0.54617 0.0374045 2.74625
1.02913 0.545247 0.0490746 2.74854
1.0238 0.550671 0.0454363 2.733
1.02574 0.547428 0.0678576 2.73946
1.02725 0.549658 0.0785223 2.74644
1.02257 0.553809 0.0683251 2.73184
1.02876 0.546243 0.0624189 2.74861
1.0194 0.557387 0.0519005 2.72214
1.0171 0.561151 0.0505267 2.7164
1.02056 0.556427 0.0491463 2.72529
1.01961 0.55865 0.0589377 2.72383
1.00282 0.586537 5.59829e-05 2.6814
1.00282 0.586521 9.23434e-05 2.68139
1.00281 0.586549 4.47393e-05 2.68138
1.00284 0.586478 3.36318e-05 2.68145
1.00284 0.586508 1.73572e-05 2.68144
1.00284 0.586515 -1.84443e-06 2.68145
1.00284 0.586496 8.5187e-06 2.68145
1.00282 0.586556 1.54225e-05 2.6814
1.00286 0.586427 5.20138e-05 2.68148
1.00288 0.586391 2.23947e-05 2.68153
1.00283 0.586494 9.55039e-05 2.68141
1.00286 0.586457 1.75099e-05 2.68148
1.00277 0.58662 6.74865e-05 2.68129
1.00273 0.586716 3.69658e-05 2.68121
1.00278 0.586625 2.81338e-05 2.68132
1.00278 0.586606 8.96932e-05 2.68131
1.0019 0.588546 0.000702507 2.67952
1.00203 0.588193 0.000927342 2.67975
1.00171 0.588925 0.00132784 2.67909
1.0019 0.588544 0.000505944 2.67953
1.00151 0.589434 0.000729198 2.67875
1.00134 0.590046 0.000296988 2.67854
1.0018 0.588982 0.000173835 2.67943
1.0015 0.589386 0.00106288 2.67867
1.00217 0.587936 0.000343469 2.68005
1.00229 0.587727 7.68689e-05 2.68034
1.00216 0.587927 0.000477731 2.68004
1.0021 0.588234 0.000116924 2.67999
1.00194 0.588334 0.00174859 2.67951
1.00203 0.587942 0.00204555 2.67959
1.00175 0.588695 0.00166082 2.6791
1.00207 0.588039 0.00112774 2.67978
1.0028 0.586511 0.000297609 2.68133
1.00284 0.586451 0.000300508 2.68142
1.00275 0.586652 0.000277446 2.68125
1.0028 0.586549 0.000184201 2.68135
1.00274 0.586692 0.000146442 2.68123
1.00272 0.586705 9.91508e-05 2.68116
1.00278 0.586584 0.000171565 2.68129
1.00273 0.586676 0.000227762 2.68117
1.00287 0.586392 0.000153076 2.68148
1.00289 0.586336 0.000104754 2.68153
1.00289 0.586326 0.000273299 2.6815
1.00284 0.586454 0.000182297 2.68141
1.00278 0.586578 0.000447458 2.6813
1.00277 0.586526 0.000622001 2.68123
1.00274 0.586623 0.000391266 2.68119
1.00285 0.58639 0.000458394 2.68142
1.00287 0.586493 0.00426452 2.68157
1.00318 0.58577 0.0043034 2.68216
1.00263 0.58697 0.00423075 2.68102
1.00286 0.586481 0.00328418 2.6815
1.00245 0.587397 0.00314356 2.68069
1.00228 0.587704 0.00286403 2.68028
1.00265 0.586999 0.00321601 2.6811
1.00236 0.587456 0.00392547 2.68041
1.0033 0.585462 0.00319406 2.68237
1.00346 0.585233 0.00305335 2.68277
1.00342 0.585386 0.00419711 2.68275
1.00303 0.586133 0.00329304 2.68188
1.00292 0.58632 0.00562474 2.68164
1.00287 0.586343 0.00696529 2.68149
1.00254 0.587005 0.00527504 2.68078
1.00326 0.585754 0.00556691 2.68243
1.00319 0.585724 0.00114684 2.68215
1.00335 0.585389 0.00095333 2.6825
1.0031 0.585896 0.00119153 2.68198
1.00313 0.585858 0.000792785 2.68203
1.00295 0.58624 0.000925424 2.68165
1.00285 0.586414 0.0009473 2.68144
1.00301 0.586096 0.000914037 2.68179
1.00297 0.586154 0.00125331 2.68166
1.0033 0.585483 0.000495783 2.6824
1.00332 0.585482 0.000337957 2.68245
1.00341 0.585305 0.000798929 2.68265
1.00317 0.585766 0.000718421 2.68213
1.00334 0.585396 0.00151927 2.68249
1.00342 0.585215 0.00201621 2.68264
1.00314 0.585757 0.00162597 2.68201
1.00346 0.585207 0.00138562 2.68275
1.00261 0.586996 0.000353742 2.68096
1.00257 0.587035 0.000456478 2.68087
1.0026 0.586967 0.000278526 2.68093
1.00268 0.586798 0.000347138 2.68108
1.00268 0.586797 0.000189753 2.68108
1.00269 0.586796 9.99408e-05 2.68114
1.0027 0.586797 0.000228562 2.68115
1.00262 0.586943 0.000203904 2.68099
1.00268 0.586799 0.000560788 2.68108
1.00271 0.586798 0.000630224 2.68118
1.00258 0.587081 0.000563155 2.68091
1.0027 0.586797 0.000395214 2.68116
1.0025 0.587215 0.000273519 2.68072
1.00242 0.587421 0.000137637 2.6806
1.00254 0.587151 0.000236753 2.68083
1.00248 0.587301 0.000383101 2.68072
1.0024 0.587406 0.00100982 2.6805
1.00244 0.587321 0.000717108 2.68061
1.00248 0.587234 0.0011602 2.68067
1.00228 0.587639 0.000880683 2.68026
1.00229 0.587602 0.00147853 2.68028
1.00222 0.587709 0.00190312 2.68008
1.0022 0.587756 0.0012085 2.68005
1.00245 0.587319 0.00157333 2.68064
1.00233 0.587567 0.000439503 2.68037
1.00234 0.58753 0.000227967 2.68038
1.00241 0.587392 0.000560704 2.68054
1.00225 0.587682 0.00063601 2.68019
1.0026 0.586978 0.000880932 2.68093
1.00269 0.586829 0.00090291 2.68114
1.00259 0.587025 0.00121547 2.68094
1.00253 0.587144 0.000803297 2.68079
1.00282 0.58657 0.00181362 2.68142
1.00272 0.586824 0.00181204 2.68124
1.00291 0.586303 0.0018129 2.68159
1.00283 0.586545 0.00251508 2.68144
1.0031 0.58586 0.0024462 2.68195
1.00327 0.58536 0.00231792 2.68222
1.00298 0.586171 0.00249457 2.68172
1.00303 0.585956 0.00173868 2.68177
1.00257 0.587178 0.00238136 2.68094
1.00242 0.587613 0.00231846 2.68071
1.00262 0.58714 0.00178243 2.68108
1.00268 0.586951 0.00247938 2.68118
1.0028 0.586598 0.00132748 2.68138
1.0028 0.58662 0.000932054 2.68138
1.00288 0.586352 0.00128715 2.68151
1.00273 0.586828 0.00132056 2.68128
0.999748 0.592999 0.00169811 2.675
0.999554 0.593899 0.00139744 2.67489
1.00041 0.592035 0.00241809 2.67662
0.999439 0.594232 0.00320078 2.67471
1.00048 0.591923 0.003971 2.67679
1.00072 0.590481 0.00429676 2.67674
0.999617 0.592727 0.0037964 2.67441
1.00064 0.591004 0.00255862 2.67679
0.998262 0.596599 0.00167679 2.67221
0.996992 0.59793 0.000551164 2.6688
0.998691 0.595072 0.000108714 2.67272
0.998364 0.595314 0.00255333 2.67178
1.00045 0.591878 0.00101189 2.67666
1.0006 0.591087 -5.94569e-05 2.67671
1.00061 0.59115 0.00115112 2.67676
0.999865 0.592738 1.44945e-05 2.67523
1.00188 0.588225 0.00501742 2.67929
1.00177 0.588626 0.00429908 2.67915
1.00206 0.587919 0.00490073 2.67968
1.00179 0.588476 0.00589443 2.67913
1.00219 0.587518 0.00659497 2.6799
1.00243 0.586687 0.007541 2.68021
1.00197 0.587866 0.00680031 2.67939
1.00222 0.587312 0.00565304 2.67987
1.00148 0.589237 0.00511307 2.67854
1.00133 0.589654 0.0052499 2.67828
1.00165 0.588973 0.00441233 2.67893
1.00159 0.588885 0.00600001 2.6787
1.00201 0.588128 0.00357513 2.67965
1.00211 0.587956 0.00305195 2.67988
1.00211 0.587729 0.00416968 2.67974
1.00191 0.588411 0.0036768 2.67947
1.00123 0.589645 0.00247033 2.67793
1.00099 0.590025 0.00237852 2.67738
1.00134 0.589335 0.00198052 2.67812
1.00148 0.589003 0.00296972 2.67838
1.00176 0.588435 0.00245737 2.67898
1.00198 0.588185 0.00238126 2.67958
1.00174 0.588705 0.00287915 2.6791
1.00155 0.589008 0.00205004 2.67862
1.00114 0.58969 0.00354439 2.67767
1.0011 0.590074 0.00412602 2.67778
1.00088 0.590412 0.00295782 2.67722
1.00146 0.589328 0.00346792 2.67852
1.00097 0.590168 0.0012343 2.67736
1.00089 0.590583 0.000589085 2.67736
1.0012 0.589782 0.00139346 2.67792
1.00084 0.590564 0.00170401 2.67717
1.00119 0.589273 0.0085701 2.67763
1.00079 0.590419 0.00801648 2.67696
1.00146 0.589015 0.00744726 2.67835
1.00133 0.589097 0.00924775 2.67799
1.00199 0.587741 0.00836345 2.67937
1.00232 0.586721 0.00879747 2.6799
1.00174 0.58787 0.00981144 2.67864
1.00181 0.58802 0.00787112 2.67894
1.00051 0.59074 0.010029 2.67625
1.00026 0.591223 0.012315 2.6757
1.00057 0.590891 0.00947713 2.67652
1.00097 0.589325 0.0107934 2.67695
1.00104 0.59005 0.00639916 2.67756
1.00115 0.590013 0.00600332 2.6779
1.00136 0.589116 0.00687572 2.67809
1.00084 0.590449 0.00748493 2.67715
0.994963 0.600232 0.0242439 2.66378
0.995901 0.59838 0.0219487 2.66574
0.995096 0.600222 0.0262009 2.66434
0.993681 0.602527 0.0227755 2.66093
0.992309 0.605465 0.026882 2.65836
0.990934 0.608232 0.028802 2.65555
0.992589 0.604773 0.0248354 2.65872
0.994021 0.602663 0.02866 2.66231
0.99467 0.600913 0.0192975 2.66313
0.994635 0.601622 0.0179488 2.66338
0.995735 0.598998 0.0204248 2.66549
0.993773 0.602684 0.0211576 2.66125
0.997421 0.595615 0.024406 2.66921
0.998901 0.593565 0.0247791 2.67287
0.996755 0.597733 0.0271686 2.66832
0.997069 0.596367 0.0228983 2.66839
0.998755 0.594529 0.00547534 2.67263
0.999849 0.59243 0.00706577 2.67501
0.998109 0.595297 0.00618622 2.67094
0.998804 0.593971 0.0048134 2.67245
0.997223 0.596851 0.00331089 2.66892
0.996297 0.59894 0.000773933 2.66711
0.997888 0.596049 0.00278976 2.67065
0.997087 0.59754 0.0039837 2.66889
1.00026 0.591477 0.00558293 2.67582
1.00071 0.590965 0.00477707 2.677
1.00034 0.591867 0.00606713 2.67629
0.999357 0.593293 0.00414111 2.67388
0.999343 0.593522 0.00876155 2.674
0.999463 0.594047 0.00947952 2.67472
0.998048 0.595938 0.00696284 2.67113
0.999949 0.592841 0.0076177 2.6756
1.00176 0.588124 0.0171016 2.67897
1.00075 0.589701 0.0166312 2.67653
1.00192 0.587612 0.0149934 2.67917
1.00248 0.586782 0.0177752 2.68061
1.00359 0.584758 0.0152995 2.68307
1.00457 0.583552 0.0148824 2.68564
1.00367 0.585188 0.0177695 2.68362
1.00279 0.586291 0.0151357 2.68129
1.00101 0.589361 0.0198444 2.67727
1.0006 0.590207 0.0218925 2.67644
1.00039 0.590362 0.0185246 2.67573
1.00235 0.587472 0.0202746 2.68062
1.00054 0.590055 0.014034 2.67601
1.00019 0.590793 0.0132682 2.67523
1.00136 0.588754 0.0144654 2.67794
1.00025 0.590609 0.0156213 2.67538
0.961845 0.638655 -0.0507772 2.58368
0.95787 0.645248 -0.0522795 2.57542
0.965398 0.634205 -0.0549756 2.59235
0.963011 0.638472 -0.0442937 2.58615
0.969171 0.629029 -0.0466553 2.59991
0.971479 0.6238 -0.0450045 2.60396
0.965988 0.632579 -0.0430894 2.59184
0.968805 0.627951 -0.0524271 2.59912
0.956787 0.648532 -0.0395255 2.57275
0.954855 0.652157 -0.0322964 2.56881
0.954716 0.649695 -0.0464934 2.5681
0.960376 0.642132 -0.0388344 2.57995
0.960547 0.636706 -0.0648848 2.58022
0.959354 0.628054 -0.0757187 2.5733
0.964714 0.630233 -0.0630904 2.58913
0.956205 0.641789 -0.0610937 2.56948
1.00516 0.583292 0.0223473 2.68761
1.00636 0.581137 0.0221361 2.69034
1.00486 0.583836 0.0263382 2.687
1.00447 0.584486 0.0218912 2.68596
1.0028 0.587441 0.0248551 2.68219
1.00147 0.590095 0.0241365 2.67935
1.00334 0.586678 0.0217807 2.68352
1.00334 0.586692 0.0258759 2.68362
1.00559 0.582504 0.0183968 2.68847
1.0056 0.582447 0.0155483 2.68844
1.00635 0.581047 0.0183306 2.69021
1.00471 0.5841 0.0187996 2.6865
1.00729 0.57932 0.0269519 2.6925
1.00841 0.576639 0.0267393 2.6948
1.00565 0.582289 0.0269537 2.68881
1.00731 0.579134 0.0219225 2.69239
1.00503 0.582403 0.00930163 2.68641
1.00571 0.581122 0.00883995 2.68795
1.00437 0.583579 0.00949092 2.68491
1.00495 0.582547 0.00803966 2.68622
1.0038 0.584739 0.00846242 2.68367
1.0033 0.585648 0.0084688 2.68254
1.00438 0.583691 0.00839429 2.68497
1.00377 0.584677 0.00958349 2.68353
1.00611 0.58025 0.00700354 2.68877
1.00653 0.57945 0.00621225 2.6897
1.00636 0.58006 0.00818737 2.68952
1.00544 0.58154 0.00769152 2.68727
1.00508 0.582265 0.0106099 2.68654
1.00519 0.582247 0.0118346 2.6869
1.00436 0.583484 0.0107732 2.68484
1.0059 0.581038 0.0101415 2.68856
1.00394 0.586224 0.0366688 2.68569
1.00415 0.584766 0.0321309 2.68541
1.00563 0.58167 0.040315 2.68889
1.00237 0.588198 0.0376913 2.68169
1.00328 0.58625 0.0479388 2.68413
1.002 0.588666 0.0550364 2.68164
1.00168 0.590115 0.042466 2.68072
1.00525 0.583499 0.0468746 2.68897
1.00162 0.589559 0.0300623 2.67972
1.00062 0.591499 0.026895 2.67743
1.00285 0.588006 0.0292819 2.68284
1.00107 0.591048 0.0336884 2.67888
1.00713 0.578702 0.033366 2.69193
1.00861 0.57754 0.031397 2.6961
1.00723 0.579877 0.038765 2.6931
1.00542 0.583391 0.0309011 2.68879
0.998043 0.594483 0.0169814 2.67038
0.998912 0.593019 0.0175071 2.67239
0.997465 0.595799 0.019162 2.66927
0.997792 0.595771 0.0160576 2.67028
0.996318 0.598619 0.0172732 2.66713
0.995713 0.60035 0.0168385 2.66618
0.99724 0.597384 0.0158252 2.66944
0.996472 0.597492 0.0183711 2.66701
0.999071 0.593192 0.0146195 2.67297
0.999787 0.592188 0.0130951 2.67474
0.999372 0.591904 0.0153921 2.67323
0.998573 0.594668 0.0145094 2.67221
0.998783 0.593109 0.0209399 2.67209
0.999256 0.591844 0.022022 2.67298
0.997773 0.594799 0.0203879 2.66976
0.999297 0.591832 0.0184468 2.673
0.99702 0.597552 0.0440328 2.66979
0.996218 0.599764 0.0428162 2.66837
0.998771 0.595103 0.0433217 2.67406
0.994929 0.601326 0.0543449 2.66573
0.998402 0.595018 0.0554564 2.67348
0.999041 0.590693 0.0591723 2.67318
0.995311 0.597619 0.0576561 2.66493
0.999806 0.59235 0.0446292 2.67591
0.99166 0.607101 0.0519769 2.6583
0.988951 0.610359 0.0521751 2.65138
0.994554 0.602569 0.0429016 2.66457
0.991794 0.604196 0.055038 2.65721
0.998871 0.594651 0.0342833 2.67373
0.999435 0.592777 0.0280306 2.67427
0.999663 0.592747 0.0352032 2.67527
0.997661 0.596548 0.03492 2.67087
0.967223 0.642682 0.00573079 2.60025
0.968624 0.642737 0.00204629 2.60482
0.969396 0.642467 0.011122 2.60715
0.959811 0.652854 0.00896552 2.58364
0.961656 0.651277 0.0211094 2.58858
0.961266 0.649059 0.0269923 2.58588
0.957733 0.652054 0.0148701 2.57644
0.968825 0.641496 0.0150448 2.60468
0.959834 0.65131 -0.00400452 2.58277
0.957352 0.64913 -0.0117517 2.57353
0.967038 0.642184 -0.0034443 2.59938
0.956348 0.652006 0.0014856 2.57202
0.975009 0.633849 0.00532072 2.61948
0.978338 0.626643 0.002825 2.62555
0.974233 0.633252 0.00826466 2.61658
0.973423 0.634065 0.00163158 2.61447
0.993998 0.60631 0.0358616 2.6648
0.990719 0.609334 0.0381696 2.65586
0.994561 0.60201 0.032978 2.66382
0.994838 0.602229 0.0371253 2.66504
0.997496 0.596765 0.0308129 2.67029
0.99919 0.595053 0.0276507 2.67484
0.997362 0.599749 0.0335897 2.67182
0.996893 0.599843 0.0304939 2.6702
0.990424 0.61045 0.0438185 2.65584
0.989432 0.616634 0.0466821 2.65682
0.989574 0.61595 0.0411603 2.6565
0.994355 0.607083 0.0403098 2.66668
0.990987 0.608244 0.0333901 2.65588
0.990526 0.612194 0.0316388 2.65683
0.993999 0.605685 0.0320903 2.66426
0.989946 0.614067 0.0358313 2.65627
0.989667 0.607503 0.0673956 2.65314
0.986132 0.611318 0.0671427 2.64394
0.990833 0.603713 0.0620908 2.65422
0.99175 0.601584 0.0717388 2.65675
0.995811 0.594755 0.0647295 2.66542
0.998743 0.592141 0.0617374 2.6734
0.995616 0.597978 0.0697261 2.66715
0.993705 0.600666 0.0611803 2.66176
0.986357 0.611118 0.0787319 2.64556
0.98496 0.617904 0.0865368 2.64592
0.984442 0.616535 0.0734567 2.64217
0.991055 0.606494 0.0781533 2.65799
0.986306 0.611391 0.0576854 2.6438
0.985334 0.614882 0.0535663 2.64242
0.989317 0.60821 0.0579997 2.6517
0.984884 0.615632 0.0624512 2.64213
0.988482 0.611278 0.0179435 2.64912
0.988583 0.612864 0.0176764 2.65037
0.990754 0.608962 0.0218942 2.65518
0.986376 0.616923 0.0200045 2.64576
0.988902 0.612838 0.025469 2.65162
0.9888 0.610738 0.0242853 2.65005
0.985935 0.615672 0.0193423 2.64361
0.990782 0.606968 0.0212455 2.65409
0.984431 0.619816 0.013051 2.64109
0.982714 0.62169 0.00565319 2.63666
0.986922 0.615144 0.0142328 2.64633
0.983842 0.619445 0.0129448 2.63902
0.992156 0.606568 0.0184741 2.65823
0.994195 0.60355 0.0176999 2.66311
0.992394 0.604542 0.0188099 2.65782
0.990903 0.608897 0.0173202 2.65554
0.993277 0.602679 -0.00715703 2.65953
0.993847 0.601854 -0.00688885 2.66091
0.992808 0.603624 -0.0067862 2.65854
0.993561 0.60168 -0.0106995 2.66001
0.992274 0.603905 -0.0105897 2.65709
0.991467 0.60512 -0.0111487 2.65517
0.993065 0.602736 -0.0114026 2.65901
0.992092 0.604542 -0.0070225 2.65673
0.994693 0.599761 -0.010413 2.6626
0.995519 0.598927 -0.0106408 2.66484
0.99429 0.600972 -0.00715756 2.66185
0.994391 0.600671 -0.0112078 2.66215
0.993391 0.602519 -0.00384326 2.65973
0.993404 0.601737 -0.00131125 2.65927
0.992801 0.603316 -0.00401838 2.65827
0.993832 0.601745 -0.00421416 2.66073
0.988841 0.606166 -0.0206142 2.64763
0.988726 0.607 -0.0230667 2.64801
0.990447 0.604221 -0.0192817 2.65174
0.987858 0.60851 -0.0188125 2.64579
0.989721 0.60522 -0.015896 2.64971
0.989839 0.604952 -0.014606 2.64977
0.988143 0.606885 -0.0167537 2.64552
0.990484 0.603363 -0.0172713 2.65112
0.98544 0.61206 -0.0220295 2.64026
0.982886 0.614752 -0.0228773 2.63354
0.986839 0.609393 -0.0247355 2.64328
0.985925 0.610632 -0.0196244 2.64073
0.991694 0.602511 -0.0225937 2.65509
0.993157 0.600398 -0.0234482 2.65865
0.991518 0.602136 -0.0203264 2.65403
0.990224 0.604619 -0.0247314 2.65153
0.973584 0.63342 -0.0137938 2.61484
0.972153 0.632107 -0.0205487 2.60968
0.976231 0.628198 -0.0122745 2.61996
0.972086 0.634715 -0.00911831 2.61076
0.976793 0.628637 -0.00379487 2.62188
0.978544 0.627133 -0.000801631 2.62655
0.974179 0.633822 -0.00404009 2.61681
0.977623 0.628164 -0.00773739 2.62432
0.966126 0.640222 -0.0184692 2.59564
0.961496 0.647168 -0.0203935 2.58572
0.96913 0.6381 -0.0237851 2.60408
0.968546 0.641098 -0.00990895 2.60362
0.977077 0.625323 -0.0209146 2.62118
0.97942 0.62337 -0.0238809 2.62764
0.977819 0.626785 -0.0156237 2.62428
0.975002 0.630028 -0.0242249 2.61768
0.999633 0.5874 -0.0224427 2.67359
0.999038 0.589618 -0.0224674 2.67253
0.999005 0.588114 -0.0266281 2.67196
1.00074 0.583358 -0.0236027 2.67542
1.00102 0.580301 -0.0277496 2.67525
1.0017 0.576026 -0.0263659 2.67589
1.00128 0.579747 -0.0223375 2.67576
0.999683 0.585167 -0.0263628 2.67298
1.0004 0.585801 -0.0200986 2.6752
1.0006 0.585508 -0.0170412 2.67567
0.999499 0.589016 -0.0192183 2.67368
1.00094 0.582974 -0.0193405 2.67582
0.997205 0.593878 -0.0244804 2.6687
0.996041 0.597195 -0.0232323 2.66658
0.997711 0.592433 -0.0251118 2.66984
0.997932 0.592951 -0.0214962 2.67053
1.00091 0.583084 -0.00571253 2.67571
1.0006 0.585037 -0.00639045 2.67524
1.00116 0.582971 -0.00835276 2.67649
1.00099 0.580767 -0.00647318 2.67566
1.00182 0.577153 -0.00819368 2.6774
1.00214 0.572722 -0.00574303 2.6773
1.00123 0.577546 -0.00476606 2.67564
1.00164 0.580164 -0.00736461 2.67721
1.00045 0.583332 -0.00514096 2.67454
1.00018 0.583464 -0.00332495 2.67372
1.00042 0.585097 -0.00449716 2.67467
1.0006 0.58098 -0.0038783 2.67446
1.00042 0.586655 -0.0079743 2.67506
1.00003 0.588054 -0.00792582 2.67424
1.00085 0.585174 -0.0078972 2.67601
1.00036 0.58661 -0.00609154 2.67484
0.992772 0.605327 0.00355723 2.65934
0.992696 0.605668 0.00169015 2.65929
0.994268 0.6036 0.00499271 2.66323
0.992043 0.607128 0.00441822 2.65804
0.993858 0.605034 0.00876568 2.66278
0.993983 0.604123 0.0114199 2.66268
0.991933 0.607209 0.00670235 2.65775
0.994492 0.60269 0.00688428 2.66343
0.990794 0.608258 0.00112604 2.6546
0.989808 0.60918 0.000520138 2.65192
0.991378 0.607009 0.000709309 2.65576
0.990655 0.608655 0.00288442 2.6544
0.994598 0.602581 0.00181439 2.66369
0.994885 0.601032 0.000248963 2.66369
0.994828 0.601743 0.00343515 2.66395
0.993276 0.604059 0.000619842 2.66022
0.986573 0.613294 -0.00300023 2.64388
0.987732 0.612126 -0.00348946 2.64697
0.987043 0.613951 -0.00058959 2.64582
0.985506 0.614419 -0.0066594 2.6412
0.984336 0.617182 -0.00151744 2.63905
0.982399 0.618197 0.000552437 2.63335
0.98381 0.61624 -0.005871 2.63678
0.986039 0.614557 0.000387937 2.64291
0.987424 0.610793 -0.00968082 2.64529
0.988726 0.609206 -0.0116586 2.64862
0.987844 0.61106 -0.00522814 2.64669
0.986064 0.612997 -0.009925 2.64219
0.988525 0.611303 -0.000242448 2.64902
0.98885 0.610063 -8.44626e-05 2.64931
0.987991 0.611676 0.000126851 2.64749
0.988292 0.610911 -0.00171527 2.64801
0.99742 0.593533 -0.0165737 2.6686
0.997864 0.59281 -0.0151057 2.66964
0.996504 0.594959 -0.0161685 2.6663
0.998091 0.593001 -0.0183124 2.67077
0.996481 0.595813 -0.0195966 2.66697
0.99583 0.596844 -0.0212932 2.66544
0.99763 0.593891 -0.0203359 2.66978
0.995917 0.595787 -0.017473 2.66485
0.999422 0.59022 -0.0167071 2.67372
1.00042 0.58805 -0.0174493 2.67605
0.998732 0.591324 -0.0154602 2.67178
0.999197 0.590937 -0.0189627 2.67342
0.996587 0.59433 -0.0133152 2.66599
0.99626 0.594663 -0.0120363 2.66493
0.996086 0.595017 -0.0144838 2.66474
0.997381 0.593147 -0.0136659 2.66802
0.989887 0.607627 -0.00301131 2.65126
0.989857 0.607431 -0.00169521 2.65101
0.989154 0.60901 -0.00357159 2.64969
0.99068 0.606154 -0.00466914 2.65298
0.989616 0.607807 -0.00743219 2.65055
0.989593 0.606951 -0.0103317 2.65009
0.990732 0.605946 -0.00676995 2.65309
0.988938 0.609518 -0.00523473 2.64934
0.991368 0.60461 -0.00208856 2.65429
0.991946 0.602938 -0.00120363 2.65518
0.99032 0.606007 -0.000913221 2.65167
0.99153 0.604521 -0.00380196 2.6548
0.988997 0.609348 -0.00100985 2.64935
0.988998 0.609824 -3.46386e-05 2.64965
0.98889 0.610073 -0.00173205 2.64947
0.989285 0.608459 -0.000521015 2.64975
0.993675 0.598799 -0.0153326 2.65892
0.993484 0.599195 -0.0140533 2.65836
0.992631 0.600147 -0.0167956 2.65629
0.994538 0.597411 -0.015624 2.66095
0.993902 0.598679 -0.0189676 2.65983
0.994316 0.598523 -0.0209251 2.66133
0.994832 0.597217 -0.0170566 2.66201
0.992818 0.600427 -0.0186358 2.65729
0.995007 0.59687 -0.0130087 2.66202
0.995536 0.595891 -0.0114671 2.66318
0.99416 0.598073 -0.0128488 2.65992
0.995254 0.596251 -0.0140024 2.66262
0.991734 0.601902 -0.0146025 2.6542
0.990715 0.603473 -0.0139144 2.65177
0.991772 0.601819 -0.0160184 2.65443
0.992542 0.600581 -0.0136937 2.65607
0.998998 0.59192 -0.00463713 2.67226
0.998879 0.592893 -0.00385163 2.67233
0.998783 0.59222 -0.0055219 2.67172
0.999194 0.591505 -0.0045921 2.67268
0.999235 0.590552 -0.00633578 2.67243
0.999443 0.589305 -0.00732092 2.67261
0.999302 0.59023 -0.00524364 2.67245
0.998986 0.590979 -0.00657675 2.67182
0.999232 0.592275 -0.00329469 2.67315
0.999299 0.59199 -0.00254834 2.67321
0.999109 0.592634 -0.00318589 2.67294
0.999259 0.591185 -0.00368137 2.6727
0.99839 0.5937 -0.00455536 2.67118
0.99826 0.594301 -0.0044567 2.67109
0.998544 0.592752 -0.00566156 2.67123
0.99875 0.593356 -0.00379833 2.67217
0.995554 0.598992 -0.00546847 2.66482
0.995603 0.598403 -0.00483471 2.66462
0.994915 0.599666 -0.0059531 2.66311
0.996282 0.597052 -0.00722719 2.66616
0.995631 0.598044 -0.00868156 2.66464
0.995816 0.598468 -0.00945389 2.66554
0.996424 0.59744 -0.00790686 2.6669
0.994857 0.60029 -0.00657588 2.66332
0.996822 0.596184 -0.00587948 2.66741
0.99734 0.595648 -0.00550435 2.66881
0.996093 0.5977 -0.00457415 2.66582
0.996979 0.596545 -0.0065846 2.66817
0.994446 0.600311 -0.00330275 2.66189
0.993948 0.601014 -0.00154674 2.66064
0.99433 0.601098 -0.00403843 2.66199
0.994979 0.599567 -0.00330568 2.6632
0.999172 0.592441 -0.000527185 2.67287
0.999158 0.592228 -0.000247542 2.67268
0.998912 0.592757 -0.000867042 2.67219
0.999314 0.592174 -0.000594606 2.67319
0.999173 0.592386 -0.00129612 2.67289
0.999226 0.592092 -0.00162361 2.67295
0.999325 0.592071 -0.000813649 2.67321
0.998969 0.592728 -0.00130364 2.67241
0.999459 0.591822 -0.000167421 2.67344
0.999579 0.591671 -2.76363e-05 2.67375
0.999373 0.592007 -7.56003e-05 2.67326
0.999453 0.591937 -0.00030825 2.67351
0.998723 0.592835 -0.000358167 2.67159
0.998626 0.593221 -7.64292e-05 2.6715
0.998742 0.593148 -0.000756766 2.67186
0.999039 0.592515 -0.000106584 2.67245
0.999851 0.590385 -0.000478726 2.67415
0.999831 0.59037 -0.000433111 2.67405
0.999762 0.59044 -0.000649098 2.67388
0.999816 0.589422 -0.00056137 2.67378
0.999782 0.58941 -0.000831474 2.67369
0.99979 0.589364 -0.000810679 2.67373
0.99981 0.589367 -0.000501074 2.67377
0.999795 0.590473 -0.000736238 2.67403
0.999833 0.589461 -0.000370976 2.67383
0.999816 0.589436 -0.000173829 2.67377
0.999885 0.590326 -0.000304229 2.67421
0.999824 0.589395 -0.00028783 2.6738
0.999717 0.591028 -0.000395745 2.67392
0.999693 0.591397 -0.000179192 2.67399
0.999728 0.591121 -0.000495123 2.67402
0.999818 0.590943 -0.00031712 2.6742
0.998905 0.590841 -0.0118416 2.67187
0.998528 0.591286 -0.0111188 2.67072
0.998603 0.591271 -0.0130444 2.67112
0.999605 0.589377 -0.0121954 2.67354
0.999917 0.588862 -0.0145156 2.67453
1.0006 0.587574 -0.0151279 2.67633
1.00015 0.588436 -0.0127294 2.67504
0.999081 0.590787 -0.0139614 2.67262
0.999375 0.589751 -0.0104004 2.67279
0.999484 0.589435 -0.0094527 2.67296
0.998764 0.590907 -0.0101671 2.67127
0.999784 0.589041 -0.0108336 2.67393
0.997497 0.592885 -0.011632 2.6681
0.996759 0.594179 -0.0109284 2.66629
0.997808 0.592609 -0.0125835 2.66911
0.997875 0.592442 -0.0106874 2.66909
1.00152 0.58344 -0.0123025 2.67771
1.00152 0.583398 -0.0104377 2.67768
1.00106 0.586147 -0.0116287 2.67712
1.00244 0.580921 -0.0120891 2.67988
1.00184 0.584649 -0.0136999 2.67923
1.00163 0.584892 -0.015844 2.67869
1.00241 0.580951 -0.014597 2.6798
1.00095 0.58631 -0.0132323 2.67687
1.00254 0.576728 -0.0100845 2.67914
1.00251 0.572249 -0.0101048 2.6783
1.00174 0.580065 -0.0111039 2.67752
1.00269 0.576484 -0.0127235 2.67953
1.00049 0.587268 -0.0100375 2.67556
0.999986 0.588196 -0.00972335 2.67418
1.0004 0.587401 -0.0112457 2.67534
1.00085 0.585242 -0.0105508 2.67608
0.996417 0.596409 -0.00165545 2.66608
0.997207 0.595555 -0.00212167 2.66819
0.996313 0.596703 -0.00111356 2.66589
0.996021 0.597448 -0.00260322 2.66539
0.995013 0.598838 -0.00129398 2.66286
0.994122 0.599895 -0.000433 2.66054
0.995115 0.59848 -0.00192191 2.663
0.995421 0.597666 -0.000444785 2.66351
0.997034 0.595808 -0.00351048 2.66781
0.997219 0.594877 -0.00395011 2.66794
0.997347 0.594949 -0.00258691 2.66833
0.996159 0.596724 -0.00314197 2.66545
0.997432 0.594899 -0.000896254 2.66853
0.997728 0.594108 -0.000351518 2.66904
0.996664 0.595699 -0.000385875 2.66645
0.997528 0.594749 -0.00137449 2.66878
0.998003 0.593017 -0.00832144 2.66966
0.998421 0.592729 -0.00705744 2.67087
0.997688 0.594752 -0.00736934 2.66955
0.998126 0.592584 -0.0087271 2.6699
0.997246 0.594753 -0.00915557 2.66815
0.996639 0.595208 -0.0106612 2.66642
0.997656 0.592896 -0.0100485 2.66853
0.997195 0.595194 -0.00854475 2.66818
0.998875 0.590932 -0.00811993 2.67153
0.999207 0.589704 -0.00864544 2.67207
0.998737 0.591315 -0.00771172 2.6712
0.998481 0.591196 -0.00934863 2.67039
0.998037 0.594584 -0.00591015 2.67056
0.99807 0.594615 -0.00527688 2.67065
0.997702 0.594958 -0.00678909 2.66967
0.998288 0.593123 -0.00672502 2.6706
0.999652 0.591011 -0.00105204 2.67377
0.999709 0.590904 -0.000715436 2.6739
0.999561 0.591437 -0.000801005 2.67366
0.99977 0.590503 -0.00119769 2.67398
0.999552 0.591237 -0.00146274 2.67359
0.999408 0.591454 -0.00204665 2.67324
0.999729 0.59063 -0.00178416 2.67392
0.99944 0.591603 -0.00112995 2.67336
0.999856 0.589884 -0.000923373 2.67404
0.999907 0.589346 -0.00119949 2.6741
0.999764 0.590504 -0.000947141 2.67394
0.999892 0.589941 -0.00147956 2.67419
0.99962 0.591484 -0.000395543 2.67383
0.999617 0.591492 -0.000186089 2.67379
0.999524 0.591617 -0.000556247 2.67359
0.999667 0.591193 -0.000608226 2.67385
0.999044 0.573419 -0.00126956 2.67045
0.998321 0.570551 -0.000722793 2.66912
0.99866 0.574157 -0.00147783 2.66935
0.99947 0.572841 -0.00218363 2.67132
0.999597 0.577813 -0.00275988 2.67159
1.00006 0.581988 -0.00304414 2.67343
1.0001 0.577057 -0.00286627 2.67302
0.999439 0.578358 -0.00160179 2.6716
0.999321 0.568815 -0.00115613 2.67171
0.999909 0.567569 -0.000563479 2.67322
0.998723 0.569705 -0.000352839 2.67021
1.00004 0.571831 -0.00207352 2.67289
0.997707 0.571646 -0.000501466 2.66747
0.997624 0.572104 0.000192883 2.66746
0.998496 0.574743 -0.000470166 2.66935
0.997952 0.571109 -0.000208542 2.6682
0.999874 0.590763 -0.000161124 2.67429
0.99991 0.590716 -0.000161506 2.67439
0.999872 0.591025 -0.000104326 2.67437
0.999882 0.590806 -0.000221019 2.67434
0.999802 0.591182 -0.000142935 2.67423
0.999705 0.591275 -0.000125067 2.67395
0.999817 0.590872 -0.000233486 2.67416
0.999802 0.591094 -9.28435e-05 2.67417
0.999896 0.590266 -0.000212768 2.67422
0.999819 0.589459 -0.000179884 2.67378
0.999878 0.590264 -0.00017802 2.67415
0.999869 0.590304 -0.000240654 2.67414
0.999913 0.59091 -7.94994e-05 2.67444
0.99991 0.590863 -5.05886e-05 2.67441
0.999868 0.590962 -6.50469e-05 2.67432
0.999905 0.590689 -0.000125103 2.67435
1.00709 0.544488 -0.0418604 2.68327
1.00769 0.544693 -0.0372223 2.6853
1.0048 0.548506 -0.0400951 2.6766
1.00977 0.54182 -0.0452009 2.6919
1.00581 0.546455 -0.0479056 2.67979
1.00439 0.54714 -0.0528627 2.67557
1.00857 0.542082 -0.051591 2.68817
1.00412 0.54832 -0.0446686 2.67433
1.01298 0.534626 -0.0406785 2.70097
1.01499 0.523852 -0.0433033 2.70457
1.00926 0.539268 -0.0389543 2.68943
1.01207 0.534079 -0.0488235 2.69773
1.00399 0.552567 -0.0346656 2.67503
1.00266 0.557025 -0.0346352 2.67184
1.00336 0.552188 -0.0392834 2.67278
1.00583 0.547681 -0.0358714 2.6797
1.0094 0.541506 -0.0283821 2.69091
1.01221 0.532539 -0.0264999 2.69891
1.00815 0.542389 -0.0261129 2.68699
1.00859 0.540725 -0.0321941 2.68771
1.00563 0.548512 -0.0306427 2.67932
1.00357 0.557075 -0.0321713 2.67495
1.00645 0.548082 -0.0331774 2.68203
1.00629 0.54894 -0.0280456 2.68182
1.01327 0.528438 -0.0340309 2.70069
1.01727 0.526652 -0.039408 2.71371
1.01566 0.530732 -0.0306181 2.70999
1.00984 0.540053 -0.0349483 2.6918
1.01086 0.536647 -0.0204419 2.69627
1.01211 0.538798 -0.018037 2.70166
1.00863 0.543271 -0.0227797 2.68915
1.01397 0.534833 -0.0235958 2.70611
1.00302 0.569933 -0.0127714 2.67829
1.0022 0.571325 -0.0128917 2.67608
1.00291 0.569058 -0.015751 2.67738
1.00306 0.563755 -0.0116782 2.67713
1.00415 0.560951 -0.0147796 2.67954
1.00513 0.559119 -0.0148413 2.68215
1.00385 0.562103 -0.0114304 2.67917
1.00389 0.567654 -0.0161852 2.68015
1.00205 0.566412 -0.00945788 2.675
1.00188 0.567765 -0.0062613 2.67523
1.00232 0.572488 -0.00993703 2.67719
1.00273 0.564819 -0.0087911 2.67665
1.00186 0.577374 -0.0158153 2.67663
1.00159 0.583388 -0.0156902 2.67808
1.0026 0.576477 -0.0162847 2.67876
1.00221 0.578084 -0.0131067 2.67823
1.0074 0.547817 -0.00864819 2.68859
1.00764 0.547347 -0.00690551 2.69078
1.00648 0.549094 -0.0085918 2.68605
1.0076 0.546534 -0.0109853 2.68847
1.00648 0.549893 -0.0121832 2.68479
1.00628 0.552951 -0.0133728 2.68431
1.00728 0.54885 -0.0125802 2.68701
1.00642 0.551058 -0.0100878 2.68529
1.00913 0.543993 -0.00969821 2.69411
1.01129 0.542191 -0.0110229 2.70063
1.00922 0.545792 -0.00744285 2.69541
1.00857 0.545281 -0.0114646 2.69121
1.00623 0.550323 -0.0050597 2.68754
1.00604 0.551855 -0.0034497 2.68772
1.00621 0.550447 -0.0065664 2.68597
1.00749 0.548933 -0.00516778 2.69114
0.999914 0.588339 -0.00172827 2.67376
0.999955 0.587311 -0.00211745 2.67368
0.999823 0.588999 -0.00197216 2.67366
0.99988 0.588361 -0.00276525 2.67366
0.999642 0.589936 -0.00258286 2.67339
0.99944 0.590955 -0.0022904 2.67316
0.999759 0.589316 -0.00246709 2.67355
0.999724 0.589878 -0.00166171 2.67363
1.00005 0.586426 -0.00304776 2.67379
1.00011 0.585404 -0.00259064 2.67384
1.00001 0.586403 -0.00164982 2.67367
0.999989 0.587671 -0.002581 2.67384
0.999856 0.588126 -0.00147807 2.67357
0.999802 0.588173 -0.000469714 2.67342
0.999849 0.589006 -0.00107979 2.67375
0.999891 0.587315 -0.000981392 2.67347
0.999815 0.58855 -0.00456141 2.67352
1.00009 0.587619 -0.00471696 2.67415
0.999845 0.588471 -0.003533 2.67357
0.999566 0.589301 -0.00443767 2.67294
0.999482 0.590136 -0.00324718 2.67296
0.999313 0.591103 -0.00329094 2.67282
0.999331 0.590273 -0.00432007 2.67254
0.999682 0.589364 -0.00353769 2.67332
0.999779 0.58854 -0.00598705 2.67343
0.999689 0.588673 -0.00737689 2.67322
1.00011 0.587705 -0.00603422 2.67428
0.999438 0.589423 -0.00562953 2.67258
1.00017 0.586596 -0.00367965 2.67419
1.00025 0.585406 -0.00428351 2.67431
0.999992 0.587697 -0.00380014 2.67387
1.00029 0.586645 -0.00499252 2.67464
0.943322 0.657941 -0.0687175 2.54104
0.949182 0.651964 -0.0623035 2.55421
0.937719 0.663589 -0.0653038 2.52698
0.940973 0.647419 -0.0900651 2.53081
0.928139 0.657213 -0.0990516 2.50029
0.911776 0.657407 -0.0966123 2.45324
0.934508 0.650706 -0.100365 2.51616
0.93124 0.672312 -0.0749727 2.51443
0.952489 0.638429 -0.0818326 2.55907
0.958553 0.633548 -0.0820488 2.57543
0.953675 0.647552 -0.0638607 2.56569
0.947856 0.641511 -0.091516 2.54901
0.948074 0.658919 -0.044149 2.55324
0.951124 0.658827 -0.0328523 2.56151
0.941293 0.666354 -0.0475667 2.53766
0.951468 0.655757 -0.0478036 2.56204
0.985282 0.613885 -0.0299239 2.64133
0.98578 0.609549 -0.0324734 2.64036
0.986244 0.609466 -0.0285189 2.64154
0.981256 0.616747 -0.0320409 2.62992
0.982195 0.615822 -0.0276671 2.6321
0.981555 0.619691 -0.0251645 2.63235
0.980862 0.621064 -0.0284872 2.6312
0.985759 0.613229 -0.0262097 2.64219
0.980097 0.616946 -0.0369952 2.62666
0.978296 0.6218 -0.0371161 2.62415
0.98488 0.613759 -0.0343691 2.64029
0.979706 0.622148 -0.032461 2.62848
0.99015 0.603822 -0.0276149 2.65097
0.993085 0.601931 -0.0249506 2.65946
0.989677 0.607123 -0.0261569 2.65139
0.989693 0.606935 -0.0296987 2.65157
0.972132 0.630365 -0.0323454 2.609
0.968831 0.634421 -0.0328519 2.6013
0.976012 0.62716 -0.0308618 2.61952
0.971956 0.632719 -0.02864 2.60986
0.9778 0.625436 -0.0268721 2.62391
0.979399 0.621926 -0.0261933 2.62669
0.974473 0.628178 -0.0279536 2.61484
0.97792 0.623535 -0.0293933 2.62313
0.963746 0.641215 -0.0287502 2.58921
0.957646 0.644773 -0.0273966 2.57188
0.962886 0.637983 -0.032572 2.58439
0.967786 0.636125 -0.0294739 2.59857
0.973756 0.627888 -0.0351522 2.61312
0.973418 0.624897 -0.0371404 2.61016
0.976315 0.624957 -0.0336431 2.61916
0.968255 0.631252 -0.0357478 2.59745
0.996066 0.589804 -0.0359571 2.66383
0.997258 0.581298 -0.0411093 2.66433
0.997351 0.588012 -0.0325856 2.66695
0.994507 0.592334 -0.0365086 2.66016
0.99525 0.595614 -0.0293348 2.66361
0.994759 0.598571 -0.0255224 2.66319
0.9939 0.597524 -0.0320691 2.66033
0.996533 0.593601 -0.0289932 2.66667
0.993417 0.587006 -0.0458657 2.65503
0.991435 0.590257 -0.0513079 2.65057
0.996133 0.583818 -0.0467214 2.66224
0.992657 0.594701 -0.040021 2.65553
1.00017 0.577396 -0.0355164 2.67163
1.00263 0.576444 -0.0340982 2.67932
0.998679 0.586092 -0.0314618 2.67024
0.999873 0.579029 -0.0408105 2.67176
0.97616 0.616529 -0.0614422 2.61711
0.976596 0.609248 -0.0691727 2.61564
0.978495 0.612016 -0.0579056 2.62147
0.972551 0.620382 -0.0613023 2.60782
0.975284 0.618868 -0.0512786 2.61414
0.974739 0.620036 -0.0473494 2.61222
0.972597 0.623947 -0.0545924 2.60891
0.977791 0.61495 -0.0534504 2.61988
0.969254 0.617571 -0.073815 2.59783
0.965751 0.622671 -0.0770382 2.5905
0.974389 0.61326 -0.0729314 2.61167
0.969321 0.625577 -0.0641705 2.60107
0.982343 0.602372 -0.0631309 2.62935
0.985089 0.598545 -0.0618979 2.63585
0.981069 0.607954 -0.0585865 2.62733
0.98091 0.605647 -0.0671741 2.62733
0.999062 0.555682 -0.0724426 2.66405
0.997637 0.564068 -0.0707963 2.66177
0.997904 0.557338 -0.0801267 2.66129
1.00167 0.544425 -0.0775014 2.66846
1.00324 0.532115 -0.0853749 2.67028
1.00436 0.516592 -0.0789153 2.66894
1.00385 0.532152 -0.076293 2.67204
0.999847 0.545549 -0.0808362 2.66402
1.00086 0.552536 -0.0699395 2.66753
1.0011 0.550672 -0.0667461 2.66716
0.997941 0.56136 -0.0661175 2.66111
1.00274 0.544024 -0.070871 2.67163
0.994026 0.576611 -0.0702067 2.65556
0.991354 0.586038 -0.0639688 2.65087
0.995146 0.569451 -0.0735386 2.6571
0.994823 0.573637 -0.0656363 2.65636
1.0119 0.528513 -0.0609002 2.69643
1.01073 0.529348 -0.0551726 2.69242
1.00979 0.528711 -0.0648181 2.68947
1.01364 0.511908 -0.0575631 2.69645
1.01195 0.510983 -0.0683547 2.69098
1.0093 0.512056 -0.0745105 2.6829
1.0138 0.511068 -0.0632861 2.69703
1.01022 0.528868 -0.0719331 2.69155
1.01386 0.515271 -0.0475171 2.69828
1.01537 0.518139 -0.0413387 2.70477
1.01231 0.530364 -0.0502125 2.69827
1.01524 0.513461 -0.0520438 2.70251
1.00756 0.541533 -0.060254 2.68581
1.00558 0.548819 -0.0614 2.68096
1.00789 0.541672 -0.0659816 2.6874
1.00906 0.541331 -0.0567662 2.6907
0.949034 0.611497 -0.128792 2.54085
0.943828 0.62679 -0.114467 2.53234
0.942974 0.592163 -0.130438 2.51499
0.957112 0.602821 -0.118644 2.5611
0.959426 0.566956 -0.129796 2.55372
0.95861 0.553961 -0.127847 2.54243
0.963277 0.588802 -0.130274 2.57365
0.940865 0.575704 -0.130367 2.49729
0.956226 0.623138 -0.100417 2.56542
0.959406 0.624415 -0.0916181 2.57332
0.948072 0.630588 -0.10382 2.54399
0.959473 0.611607 -0.109666 2.56958
0.924197 0.62243 -0.12338 2.47265
0.893212 0.635054 -0.111302 2.38137
0.91944 0.602851 -0.126511 2.44455
0.93416 0.636163 -0.120387 2.5078
0.992668 0.555702 -0.0996429 2.64631
0.987609 0.562187 -0.0971469 2.63301
0.993216 0.527401 -0.102455 2.63853
0.994162 0.552005 -0.0898415 2.64875
0.999609 0.519718 -0.0914717 2.65509
1.00167 0.516995 -0.0878381 2.66024
0.998562 0.547154 -0.0909999 2.66084
0.995385 0.522494 -0.0987636 2.64267
0.989262 0.578149 -0.0783956 2.64256
0.988872 0.589605 -0.0678882 2.64487
0.986254 0.582528 -0.0846259 2.63537
0.992397 0.572306 -0.0804703 2.64972
0.984521 0.538313 -0.114747 2.61637
0.978484 0.543076 -0.123473 2.59918
0.987274 0.531523 -0.110365 2.62111
0.984754 0.567303 -0.107317 2.62694
1.00606 0.548525 -0.019841 2.68163
1.00532 0.552731 -0.0222072 2.68
1.00652 0.548021 -0.0224965 2.68294
1.00675 0.547694 -0.0174153 2.68458
1.00811 0.543764 -0.0169331 2.68876
1.00946 0.540618 -0.0147945 2.69357
1.00754 0.544541 -0.0148255 2.68722
1.00751 0.544238 -0.0199818 2.68582
1.00564 0.551936 -0.017847 2.68156
1.00528 0.552584 -0.0156565 2.6807
1.0051 0.5532 -0.0193949 2.67949
1.00624 0.548366 -0.0152947 2.68317
1.0045 0.554449 -0.0267137 2.67735
1.00296 0.557434 -0.0272875 2.67304
1.00545 0.549484 -0.0246053 2.67922
1.00445 0.554732 -0.023213 2.67733
1.00413 0.556162 -0.00851837 2.67984
1.00412 0.559354 -0.0081299 2.68005
1.00553 0.554337 -0.00790006 2.68386
1.00386 0.557544 -0.00581788 2.67973
1.00512 0.55384 -0.00506952 2.68389
1.00521 0.553752 -0.0050786 2.68568
1.00389 0.555817 -0.00620343 2.68053
1.00551 0.552104 -0.00792171 2.68419
1.00282 0.562113 -0.00601387 2.67698
1.00213 0.563729 -0.00669771 2.67529
1.00317 0.560986 -0.00829251 2.67747
1.00283 0.559233 -0.00665374 2.67693
1.00564 0.556164 -0.0106929 2.68367
1.00606 0.554604 -0.0137541 2.68416
1.00575 0.552674 -0.0110938 2.6836
1.0045 0.55803 -0.0106972 2.68055
1.00138 0.561038 -0.00129664 2.67511
1.00215 0.559534 -0.00346673 2.67669
1.00105 0.561379 -0.00133231 2.67556
1.00049 0.562258 -0.00222309 2.67259
0.999691 0.563366 -0.000893367 2.67196
0.999416 0.564201 0.000470683 2.67151
1.00021 0.563571 -0.000149282 2.67257
1.00035 0.562524 -6.43656e-05 2.67387
1.00141 0.562272 -0.00419832 2.67383
1.0019 0.565343 -0.00323218 2.67561
1.00248 0.560713 -0.00331575 2.67677
1.00109 0.563868 -0.00132005 2.67387
1.00309 0.558161 -0.00251701 2.68079
1.00458 0.556044 -0.00104117 2.68484
1.00209 0.55996 -0.000348899 2.67843
1.00337 0.557721 -0.00243512 2.68001
0.998662 0.579346 -0.000914465 2.66986
0.998645 0.57931 -0.0011638 2.66963
0.997795 0.575281 -0.000513266 2.66801
0.998528 0.579525 -0.000817696 2.66939
0.997664 0.575696 -0.000329867 2.66767
0.997677 0.575848 -0.00018836 2.6678
0.998535 0.579587 -0.000604446 2.66959
0.997787 0.575471 -0.000354058 2.66809
0.999213 0.583581 -0.00110661 2.67111
0.999581 0.586596 -0.00105532 2.67248
0.999313 0.583501 -0.00125243 2.67147
0.999251 0.583569 -0.000923029 2.67135
0.998021 0.57467 -0.00085808 2.66856
0.998493 0.574223 -0.00106144 2.67003
0.998039 0.574969 -0.000589609 2.66879
0.998847 0.579117 -0.00135279 2.67032
0.99846 0.580648 -0.000474535 2.66938
0.998465 0.580671 -0.000531931 2.6693
0.997611 0.576938 -0.00033526 2.66752
0.998411 0.580749 -0.000443 2.66918
0.997562 0.577199 -0.000272579 2.66739
0.997584 0.577286 -0.000219645 2.66751
0.998397 0.580718 -0.000413419 2.66922
0.997645 0.577051 -0.00026193 2.6677
0.999172 0.584601 -0.000470973 2.67116
0.9996 0.587447 -0.000406089 2.67269
0.999204 0.584552 -0.000519911 2.6713
0.999163 0.584537 -0.000460326 2.67119
0.997686 0.57662 -0.000436704 2.66771
0.99787 0.576412 -0.000464652 2.66833
0.997734 0.576766 -0.000338998 2.66795
0.998536 0.580562 -0.000583804 2.66957

